0 2 7
90 -90 0
1
0
0 0 1
0.5 0.5 0.5
0 6 0.25 0 0 1
1
0
0 
0 
1
0
0 0 1
0.2 6.5 1.9
0 3 0.25 0 0 1
1
0
0 
0 
2
5
1
0 0 1
0.12 0.4
-1 1 0.4 0 0 -1
1
0
1 
1 
0
0 0 1
2 2 0.1
0 0 0.7 0 0 1
1
0
1 
1 
1
0 0 1
0.12 0.4
1 1 0.4 0 0 -1
1
0
1 
1 
1
0 0 1
0.12 0.4
1 -1 0.4 0 0 -1
1
0
1 
1 
1
0 0 1
0.12 0.4
-1 -1 0.4 0 0 -1
1
0
1 
1 
4
2 1 
0 0 1 
1 1 0.7 -0.707107 -0.707107 0 -10 10 
1 
0 1 
0 0 1 
-1 1 0.7 -0.707107 0.707107 0 -10 10 
1 
1 4 
0 0 1 
-1 -1 0.7 -0.707107 -0.707107 0 -10 10 
1 
1 3 
0 0 1 
1 -1 0.7 -0.707107 0.707107 0 -10 10 
1 
5
1
0.7 0.7 1
0.12 0.4
-1 7 0.4 0 0 -1
1
0
1 
1 
0
0.7 0.7 1
2 2 0.1
0 6 0.7 0 0 1
1
0
1 
1 
1
0.7 0.7 1
0.12 0.4
1 7 0.4 0 0 -1
1
0
1 
1 
1
0.7 0.7 1
0.12 0.4
1 5 0.4 0 0 -1
1
0
1 
1 
1
0.7 0.7 1
0.12 0.4
-1 5 0.4 0 0 -1
1
0
1 
1 
4
2 1 
0.7 0.7 1 
1 7 0.7 -0.707107 -0.707107 0 -10 10 
1 
0 1 
0.7 0.7 1 
-1 7 0.7 -0.707107 0.707107 0 -10 10 
1 
1 4 
0.7 0.7 1 
-1 5 0.7 -0.707107 -0.707107 0 -10 10 
1 
1 3 
0.7 0.7 1 
1 5 0.7 -0.707107 0.707107 0 -10 10 
1 
-1
1
60622
14
4
1000
0.05
2628
1
1
18 4
0.478846 0.145667 -0.186874 -0.628537 
0.004085 0.675959 -0.095036 -2.409161 
1.988036 -0.813182 -3.351686 -2.154354 
-2.275653 0.061956 0.714603 1.216155 
-0.626344 -2.313645 -0.798821 0.634044 
-0.867114 -1.575609 0.44687 0.374741 
1.188121 -2.04787 1.093979 -1.213264 
-0.441085 0.619316 -1.052643 -2.016306 
0.414402 -0.058313 1.248879 -0.641655 
-1.708708 -0.208963 -0.030281 0.57717 
0.945825 0.254894 0.990463 1.68069 
-0.457552 -0.230882 0.713858 2.208239 
1.03235 -0.238602 0.180346 0.362467 
1.616545 2.00367 0.034525 -0.003328 
1.338887 -0.292198 1.878723 1.622107 
-3.035791 1.040554 -0.693907 0.571923 
-0.370892 -1.544922 0.538163 -0.562091 
1.82557 -0.259255 -2.738231 -2.515791 
1
1 4
3.649738 16.459022 12.18123 10.422259 
14
4
57440
0
0
346
-1000000
0
1
18 4
1.01674 -1.14215 0.55485 0.97039 
-1.852913 -1.564757 1.025341 0.507578 
0.623718 0.039815 -0.133859 -0.013624 
-1.229009 0.322308 0.473298 -0.622162 
-0.672296 -0.34364 -0.927243 -0.317202 
-0.646356 0.507192 0.793146 1.277255 
0.39923 0.141779 0.25579 -0.710016 
0.169706 0.06046 -0.266179 -0.035246 
0.427813 -1.013141 -0.391527 0.754935 
0.038366 -1.139176 -0.546391 0.270012 
0.906234 -0.150494 -0.185835 0.876978 
0.092525 -0.323718 -0.607892 0.66301 
0.055011 -0.270695 -0.013105 0.441645 
1.110826 0.534525 0.49262 0.506549 
-0.395656 0.10951 0.234621 0.234697 
0.341119 0.140276 -1.058136 -0.611104 
-0.399944 0.763375 0.097121 -0.216805 
0.710257 0.389616 -0.673244 0.123484 
1
1 4
2.832541 15.225885 10.998219 6.485294 
14
4
60582
0
0
46
-1000000
0
1
18 4
-1.30743 0.99946 -0.175039 1.717043 
-2.228542 1.749398 1.87442 -0.210145 
1.82622 -0.38457 1.199786 -2.241788 
-2.936908 2.912507 -1.482148 -0.91342 
-1.42842 0.360053 -1.049254 1.356321 
-0.660914 -0.881252 -2.435239 -0.922617 
0.50263 0.253495 1.579394 -1.578888 
2.227646 1.267976 0.365005 -0.591824 
-1.897427 1.26157 0.182841 0.852937 
1.310104 -0.066613 0.006704 1.6044 
1.34346 0.588811 0.053655 -0.607595 
-0.900758 -0.560376 0.504186 1.170732 
1.313194 -1.250211 1.495252 0.912948 
1.363145 -1.565463 0.136402 0.594587 
1.773589 -0.480383 1.823293 0.864509 
0.305635 -0.412543 -0.616468 -0.668436 
0.091587 0.547023 -1.299299 -3.012125 
-0.587619 0.77838 0.074864 -1.301194 
1
1 4
13.887165 2.637641 4.526097 7.437836 
14
4
60371
0
0
14
-1000000
0
1
18 4
1.941675 0.195094 0.861144 0.277631 
1.180599 2.274224 -0.501811 -0.843628 
0.22409 1.545903 0.37405 0.773153 
0.227418 1.156358 0.111185 1.256225 
0.392921 2.115623 -2.817565 -0.294167 
-0.466821 0.401481 -0.212786 0.560153 
1.262329 -0.73 1.445525 -1.098998 
0.371252 1.359976 1.399494 0.336045 
2.27955 -2.116375 1.688173 1.519873 
0.628465 1.310554 0.023654 -1.995742 
1.51757 2.132992 -0.140366 0.040776 
0.792823 -1.395151 -0.0714 -0.595024 
-0.048583 -0.844891 1.089223 0.404092 
-0.630759 -0.645003 0.544701 0.953729 
1.548984 -0.991569 -1.629008 1.881771 
-0.127783 -1.421158 -0.912947 1.16362 
-1.163007 -0.36314 0.504386 -0.942326 
-0.15993 -0.1565 1.475265 1.319615 
1
1 4
19.509305 12.763253 8.107836 7.312814 
14
4
60563
0
0
6
-1000000
0
1
18 4
0.843141 0.185061 0.87642 1.302119 
1.961099 -0.092252 1.76865 0.501743 
-2.369789 -0.653071 1.383621 -0.051081 
1.452872 -0.450221 -0.151248 -0.778067 
-0.573917 -0.104236 -0.686099 -1.135331 
-0.901981 0.433635 -2.111359 -1.450478 
-0.139241 0.197147 0.710482 -0.515578 
1.313091 -0.23992 0.694956 -0.802627 
1.025585 0.060598 1.412515 -0.472061 
-0.215463 -1.823239 -0.76715 0.509741 
-0.391735 1.212265 -0.422195 -1.721761 
-0.867035 0.360597 -0.842161 -1.186342 
-0.146877 1.602327 -0.954122 1.264645 
0.175626 -0.419692 0.13392 0.717865 
0.270716 -0.931654 -1.883983 0.205939 
-0.041051 0.52309 -0.022627 -1.734293 
-0.910638 0.954827 0.839893 1.113429 
-0.151949 0.421545 -0.241121 0.275413 
1
1 4
10.956947 18.376873 16.588608 9.471195 
14
4
60572
0
0
5
-1000000
0
1
18 4
-1.049892 -0.626283 -0.451901 -0.706986 
-0.199529 -0.081425 2.762117 -1.380832 
0.384155 1.848668 0.375817 0.08943 
-1.117137 -0.566944 0.006548 0.082343 
-0.134297 -0.933318 0.891841 1.467844 
1.39071 -0.243526 0.575384 1.749981 
1.161917 1.666524 0.013523 0.056976 
-0.626311 1.473577 2.272007 0.305263 
-0.183111 -2.182861 -1.26829 -1.280233 
1.367876 -2.178059 0.876068 0.824933 
0.926662 0.298776 -1.600097 0.281938 
1.779633 -0.626467 2.251701 1.001621 
-2.010982 -1.036144 -0.308125 -0.016313 
-0.084815 0.726982 -0.662482 -1.279848 
1.093728 -0.53111 -2.404445 -0.383701 
1.616949 0.524382 1.1866 0.376221 
1.217376 -0.797146 2.181789 0.342745 
-1.039781 -2.04705 -0.888541 -2.269326 
1
1 4
15.155734 8.068701 10.481764 8.501617 
14
4
60569
0
0
3
-1000000
0
1
18 4
0.327728 0.482353 -0.615561 0.459531 
0.874218 -0.01672 -0.411245 -0.559123 
0.941293 -0.066672 0.625028 0.243901 
0.372322 -0.315056 0.986863 -0.906969 
0.15086 0.11729 -0.181459 -0.788226 
-0.490618 -0.676513 -0.707478 -0.355863 
0.289155 0.537603 0.115881 -0.285337 
-0.157171 0.71075 0.664533 -0.829443 
0.193103 -0.951027 0.630088 0.067322 
0.032251 -0.781157 0.508198 -0.026454 
0.15217 0.133226 -0.782553 -0.475507 
0.818169 -0.795689 -0.382476 -0.030969 
0.3216 0.436063 0.180803 0.830981 
0.75955 0.473325 -0.524881 0.048705 
0.010928 0.591 0.763368 0.853757 
0.301751 0.427901 -0.975686 -0.505144 
0.476874 0.654401 0.562177 -0.490873 
0.873244 0.070375 0.482671 0.025415 
1
1 4
2.934218 17.151129 15.724125 1.206831 
14
4
60597
0
0
1
-1000000
0
1
18 4
-1.792 -0.520942 -1.178807 -0.578626 
-0.132922 -0.542408 2.739896 -1.194239 
-0.140447 2.155831 0.531048 0.233255 
-1.47567 -0.695159 0.392723 -0.318678 
0.305181 -1.517244 1.195664 1.481938 
0.860421 -0.149256 0.746149 1.791565 
0.761108 1.562332 -0.041003 0.290139 
-0.778681 1.863324 1.78647 0.08054 
-0.218249 -1.493778 -1.543455 -1.411517 
2.189114 -2.044963 1.395287 0.057298 
0.828534 0.154379 -1.543214 0.048109 
1.955504 -0.966053 2.718041 1.622441 
-1.903239 -1.146854 -0.108002 -0.550803 
0.500558 0.638592 -0.831168 -1.272415 
1.225318 -0.620897 -2.558397 -0.154777 
1.573901 0.322883 0.664254 0.719858 
0.943774 -0.90469 1.853589 0.407506 
-1.402506 -2.444338 0.111095 -2.04172 
1
1 4
14.430132 8.599176 11.268537 7.981403 
14
4
60598
0
0
3
-1000000
0
1
18 4
0.482286 0.148599 -0.18879 -0.626241 
0.010891 0.673604 -0.096286 -2.412876 
1.985489 -0.817167 -3.349775 -2.157026 
-2.278345 0.059093 0.717179 1.217342 
-0.627132 -2.319275 -0.795295 0.635812 
-0.867036 -1.575564 0.447496 0.372204 
1.183269 -2.047519 1.091374 -1.212097 
-0.444802 0.619071 -1.056955 -2.016337 
0.414676 -0.056604 1.247612 -0.643912 
-1.705989 -0.211074 -0.032447 0.57971 
0.945157 0.251406 0.997814 1.682104 
-0.462134 -0.23231 0.712081 2.209941 
1.030613 -0.244429 0.174259 0.358776 
1.613544 2.004357 0.030683 0.002287 
1.340885 -0.291248 1.87329 1.618335 
-3.031781 1.040941 -0.69326 0.566622 
-0.371266 -1.550899 0.537425 -0.555997 
1.826697 -0.258921 -2.73562 -2.513626 
1
1 4
3.65484 16.458887 12.180414 10.420412 
14
4
60599
0
0
346
-1000000
0
1
18 4
1.011672 -1.174908 0.562914 0.973868 
-1.859053 -1.563905 1.012104 0.4668 
0.62444 0.020031 -0.10648 -0.02392 
-1.203247 0.320778 0.465618 -0.632401 
-0.637994 -0.313877 -0.921938 -0.29561 
-0.624354 0.549966 0.792385 1.272317 
0.404744 0.148218 0.262312 -0.701747 
0.135257 0.105773 -0.26207 -0.025549 
0.429888 -1.011767 -0.399129 0.733358 
0.029606 -1.122921 -0.543942 0.242137 
0.90328 -0.147086 -0.178023 0.884537 
0.066348 -0.281875 -0.610028 0.644824 
0.029985 -0.316944 -0.034093 0.43699 
1.08386 0.523906 0.50793 0.505726 
-0.38492 0.087552 0.23932 0.247301 
0.356656 0.15576 -1.069099 -0.599848 
-0.409649 0.778818 0.070489 -0.228936 
0.749141 0.44714 -0.656689 0.104591 
1
1 4
2.833169 15.274791 11.019195 6.536052 
14
4
60600
0
0
46
-1000000
0
1
18 4
-0.796435 -1.044057 -0.668593 -0.872455 
-0.274525 0.1056 2.692911 -1.566154 
0.885607 2.015869 0.290093 0.483855 
-0.698385 -0.425274 0.540765 0.059873 
-0.609018 -0.762349 0.813297 1.39023 
1.688147 -0.072942 0.961385 1.621046 
1.086006 1.684355 -0.19948 -0.206368 
-0.676715 1.772194 2.101668 0.75347 
0.377097 -1.490173 -1.574424 -0.821761 
0.846815 -2.796021 1.173103 0.793191 
0.720545 0.519688 -1.099129 0.826959 
1.911139 -0.6879 2.275333 0.71851 
-1.953208 -0.948089 0.169419 -0.236843 
0.278235 0.894336 -0.63257 -1.233711 
1.484263 -0.791718 -2.044915 -0.089881 
1.415772 0.758263 1.199702 0.377393 
1.784876 -0.286984 2.276603 0.094649 
-1.305164 -2.443901 -0.346251 -2.695498 
1
1 4
16.000582 8.232212 10.562818 7.876955 
14
4
60601
0
0
3
-1000000
0
1
18 4
1.008476 -1.111052 0.523173 0.963858 
-1.835022 -1.582179 1.03763 0.564866 
0.594235 0.068184 -0.096117 0.029707 
-1.26495 0.328415 0.454294 -0.613022 
-0.716452 -0.36861 -0.89315 -0.317535 
-0.654702 0.535064 0.823159 1.274729 
0.403719 0.144015 0.203787 -0.695493 
0.161356 0.053113 -0.225935 -0.014325 
0.4265 -0.988878 -0.388274 0.774351 
0.040984 -1.146032 -0.542137 0.265011 
0.87971 -0.124582 -0.180374 0.871317 
0.106962 -0.311424 -0.621191 0.675043 
0.052821 -0.272083 -0.039306 0.474156 
1.120392 0.542747 0.433637 0.519032 
-0.395237 0.097345 0.232738 0.24105 
0.308439 0.071596 -1.03474 -0.624286 
-0.425781 0.756858 0.097339 -0.205871 
0.725275 0.359043 -0.667161 0.099347 
1
1 4
2.814873 15.249677 10.994005 6.501306 
14
4
60602
0
0
46
-1000000
0
1
18 4
1.83199 0.389629 1.078082 -0.108406 
0.967044 2.189548 -0.762545 -0.930109 
0.229276 1.809597 0.273259 0.633979 
0.137867 0.89998 -0.080527 1.153263 
0.470514 1.987988 -3.010765 -0.357674 
-0.544298 0.264902 -0.299689 0.591842 
1.381714 -0.788016 1.254837 -1.15779 
0.399138 1.280332 1.299149 0.563355 
2.204969 -1.994666 1.904944 1.347485 
0.570141 1.301129 0.073474 -2.359644 
1.64686 2.132637 -0.076708 -0.123882 
0.748553 -1.429201 0.254461 -0.391005 
-0.106171 -0.64992 1.085997 0.450481 
-0.756491 -0.579756 0.251758 1.10818 
1.57513 -0.793437 -1.730137 2.036409 
-0.350755 -1.519992 -0.777098 1.115891 
-1.282294 -0.653355 0.229252 -0.965399 
-0.19946 0.119469 1.421535 1.188702 
1
1 4
19.594726 12.655997 8.034177 7.32428 
14
4
60603
0
0
6
-1000000
0
1
18 4
0.482564 0.144403 -0.184715 -0.622524 
0.003868 0.670906 -0.098538 -2.408322 
1.990346 -0.810807 -3.350975 -2.155699 
-2.274683 0.064585 0.716682 1.222508 
-0.629684 -2.317743 -0.801705 0.630662 
-0.869079 -1.57641 0.44896 0.374636 
1.192592 -2.046381 1.095304 -1.21155 
-0.437265 0.622831 -1.0541 -2.013097 
0.413431 -0.060593 1.249212 -0.64073 
-1.707701 -0.206229 -0.026171 0.575847 
0.944316 0.257884 0.988861 1.685978 
-0.458382 -0.235855 0.711856 2.205525 
1.031274 -0.238855 0.182938 0.359861 
1.617275 2.00616 0.028423 0.000617 
1.339423 -0.292514 1.883382 1.620757 
-3.03165 1.045736 -0.693358 0.57373 
-0.375577 -1.545496 0.533788 -0.558048 
1.825468 -0.258515 -2.740363 -2.513673 
1
1 4
3.646701 16.457707 12.178938 10.422468 
14
4
60604
0
0
346
-1000000
0
1
18 4
1.061039 -1.132071 0.582652 1.001435 
-1.855791 -1.601573 1.024937 0.475474 
0.651112 0.026643 -0.118432 -0.012166 
-1.211135 0.326029 0.51943 -0.617087 
-0.72467 -0.3896 -0.908958 -0.340146 
-0.659198 0.503379 0.808341 1.309654 
0.410363 0.124769 0.253723 -0.727223 
0.144785 0.043566 -0.280943 -0.042344 
0.432188 -1.036705 -0.399569 0.756727 
0.032918 -1.148999 -0.536832 0.271701 
0.905139 -0.134656 -0.184964 0.903168 
0.094832 -0.349232 -0.599455 0.622488 
0.054117 -0.257677 -0.026037 0.447623 
1.137008 0.509287 0.494703 0.520485 
-0.407652 0.124856 0.233937 0.187809 
0.314713 0.150884 -1.039737 -0.619581 
-0.415759 0.772978 0.092003 -0.213075 
0.684865 0.359186 -0.654432 0.149625 
1
1 4
2.853473 15.267959 11.016055 6.505407 
14
4
60605
0
0
46
-1000000
0
1
18 4
1.052165 -1.135761 0.580465 0.977066 
-1.854915 -1.544794 1.008368 0.518687 
0.632556 0.053093 -0.10498 -0.042602 
-1.248281 0.327152 0.465002 -0.614486 
-0.666704 -0.300127 -0.951292 -0.306976 
-0.676579 0.514635 0.751474 1.313108 
0.425732 0.139865 0.215837 -0.667451 
0.18913 0.050408 -0.248376 -0.034696 
0.4332 -1.043801 -0.388039 0.759291 
0.023698 -1.124959 -0.558826 0.274077 
0.911861 -0.157207 -0.141987 0.879471 
0.097804 -0.365931 -0.59342 0.658833 
0.068474 -0.274249 -0.029955 0.461005 
1.117798 0.527308 0.491766 0.521393 
-0.406297 0.099776 0.224259 0.218806 
0.305683 0.135096 -1.043234 -0.598903 
-0.432496 0.745053 0.112481 -0.233313 
0.703002 0.409435 -0.648758 0.161078 
1
1 4
2.845982 15.222066 11.034689 6.477398 
14
4
60606
0
0
46
-1000000
0
1
18 4
1.909245 0.163143 0.620748 0.267714 
1.220626 2.41501 -0.429371 -0.976741 
0.420415 1.57503 0.743236 0.896274 
0.399353 0.885466 0.03312 1.544001 
0.139168 1.917565 -2.771612 -0.203085 
-0.163285 0.526479 -0.262884 0.733454 
0.983118 -0.795602 1.559161 -0.807563 
0.343836 1.267141 1.395636 0.420132 
2.559732 -2.020295 1.749132 1.579023 
0.589918 1.373173 0.01262 -1.986476 
1.601906 2.189566 -0.159684 -0.004455 
0.786999 -1.285131 0.085073 -0.613854 
-0.112561 -0.741993 1.062977 0.436539 
-0.479999 -0.715178 0.270115 1.137371 
1.687532 -1.201366 -1.705452 1.845741 
-0.14017 -1.596771 -1.003803 1.45556 
-0.883928 -0.024621 0.614912 -0.837622 
-0.204986 -0.013042 1.903678 1.195125 
1
1 4
19.481825 12.678889 8.038705 7.329617 
14
4
60607
0
0
6
-1000000
0
1
18 4
1.930826 -0.073339 0.805789 0.151701 
1.257446 1.978941 -0.494833 -0.646945 
0.090666 1.151376 0.373334 0.955155 
0.461318 1.144931 -0.061421 0.945784 
0.304304 1.89317 -2.771661 -0.221274 
-0.310444 0.424489 0.022362 0.771269 
1.181129 -0.928743 1.657003 -0.990495 
0.368876 1.286652 1.503863 0.12379 
2.382902 -2.105889 1.708302 1.293264 
0.696801 1.353789 0.052772 -2.209371 
1.304175 1.756778 -0.361217 -0.023633 
0.708401 -1.436863 0.093411 -0.368805 
-0.141975 -0.670436 0.773479 0.537625 
-0.833475 -0.922557 0.508579 1.293016 
1.608882 -0.845108 -1.639155 1.701157 
-0.159605 -1.679576 -1.144611 0.977383 
-1.144447 -0.197978 0.381141 -0.793976 
-0.146549 -0.435435 1.372385 1.290111 
1
1 4
19.646893 12.757929 8.149198 7.329186 
14
4
60608
0
0
6
-1000000
0
1
18 4
0.475965 0.144105 -0.183661 -0.625431 
0.000753 0.677342 -0.092835 -2.408268 
1.990377 -0.814433 -3.353733 -2.152151 
-2.276469 0.061566 0.710635 1.214489 
-0.624502 -2.315374 -0.801992 0.629463 
-0.871215 -1.573979 0.449238 0.377242 
1.193323 -2.046759 1.097243 -1.215872 
-0.438588 0.620176 -1.048336 -2.020507 
0.41213 -0.059101 1.259072 -0.641472 
-1.706958 -0.210524 -0.033255 0.576122 
0.947614 0.259 0.992128 1.678372 
-0.456208 -0.226913 0.712608 2.211105 
1.033436 -0.23534 0.180155 0.358424 
1.617852 2.002464 0.034318 -0.004943 
1.342674 -0.295031 1.879472 1.616893 
-3.043357 1.04376 -0.69246 0.579307 
-0.372401 -1.544139 0.540063 -0.559764 
1.821325 -0.25781 -2.740575 -2.513859 
1
1 4
3.651031 16.458723 12.183502 10.420271 
14
4
60609
0
0
346
-1000000
0
1
18 4
-0.47511 1.496788 -2.033762 0.703689 
0.476171 -0.980921 -1.485931 -0.764504 
2.406332 0.611605 -0.283287 1.045852 
-1.053182 1.282617 -0.0842 -2.077924 
0.477875 -0.226268 0.64214 1.342883 
-0.954449 0.321441 -2.2683 -1.05175 
1.050312 1.385396 0.01767 -0.137739 
0.289761 0.516357 0.169099 -0.550229 
-1.112374 0.132483 1.25423 -0.439192 
-0.407428 0.477827 0.760879 -0.278706 
1.644407 1.430161 -1.46044 -0.023973 
1.367009 -1.587681 -0.128832 -1.531684 
0.095536 0.494573 0.536975 1.573251 
-0.163179 -0.645175 -0.285292 0.79013 
0.592534 -1.503011 1.950082 1.651346 
0.148359 1.39174 -0.783314 -0.591585 
2.779357 -1.99687 1.385635 0.029055 
1.340226 -1.69488 1.027453 -0.912441 
1
1 4
2.885816 17.051964 15.028564 0.151473 
14
4
60610
0
0
1
-1000000
0
1
18 4
0.474524 0.14624 -0.18568 -0.629575 
0.001533 0.673903 -0.095611 -2.406231 
1.986831 -0.816375 -3.347324 -2.150943 
-2.274862 0.059791 0.713511 1.212404 
-0.627018 -2.313122 -0.799054 0.634808 
-0.867403 -1.580286 0.445892 0.370944 
1.188389 -2.049637 1.092457 -1.211418 
-0.437613 0.622562 -1.052131 -2.017113 
0.416511 -0.059571 1.253764 -0.643371 
-1.710716 -0.20623 -0.030455 0.579935 
0.944288 0.250602 0.98598 1.677544 
-0.459624 -0.227617 0.717708 2.203629 
1.032918 -0.235986 0.179794 0.361485 
1.616505 2.001786 0.037885 0.000977 
1.337101 -0.288639 1.876298 1.623539 
-3.032168 1.03967 -0.688424 0.57429 
-0.371826 -1.543973 0.542065 -0.566839 
1.824365 -0.260178 -2.73563 -2.519203 
1
1 4
3.649126 16.46126 12.184501 10.421063 
14
4
60611
0
0
346
-1000000
0
1
18 4
0.476943 0.140027 -0.184327 -0.625874 
0.003183 0.675657 -0.096882 -2.406391 
1.994227 -0.81087 -3.346695 -2.15238 
-2.279341 0.062983 0.719355 1.216058 
-0.627328 -2.311001 -0.796351 0.633658 
-0.869514 -1.579352 0.455264 0.377939 
1.188866 -2.045565 1.100308 -1.217181 
-0.4441 0.619942 -1.051603 -2.015909 
0.418776 -0.058463 1.247161 -0.641425 
-1.714466 -0.205089 -0.028778 0.572498 
0.945315 0.257726 0.988765 1.6811 
-0.453255 -0.233833 0.716117 2.208448 
1.033275 -0.243885 0.184663 0.359768 
1.617601 2.005683 0.032074 -0.008189 
1.339482 -0.289798 1.878729 1.621301 
-3.038424 1.038738 -0.697104 0.565263 
-0.367876 -1.542479 0.532243 -0.567239 
1.823189 -0.25498 -2.742688 -2.513468 
1
1 4
3.653172 16.462896 12.182411 10.421312 
14
4
60612
0
0
346
-1000000
0
1
18 4
-1.246129 -0.784877 -0.662642 -0.703497 
-0.414878 -0.152674 2.676527 -1.662506 
0.186215 1.932173 0.677107 0.422906 
-1.840738 -0.601868 0.818634 0.137787 
0.186719 -1.044071 1.102119 0.714138 
1.647266 -0.267098 0.102054 1.844179 
0.456731 2.298838 -0.45203 -0.179619 
-0.121718 1.670326 2.100379 0.212521 
0.171949 -2.094916 -1.246265 -1.554138 
1.235893 -2.075692 0.677573 0.788924 
0.751386 0.469361 -1.053756 0.047939 
1.874985 -0.4972 1.808291 1.394339 
-1.624327 -1.723601 -0.403936 -0.205878 
-0.115793 0.554738 -0.552017 -1.542891 
0.946952 -0.625135 -1.967232 -0.610404 
1.406636 0.838956 1.110014 -0.364483 
1.513607 -0.75361 2.124648 0.453909 
-0.553134 -1.706593 -0.660122 -2.258098 
1
1 4
14.802839 7.983887 10.994338 8.614335 
14
4
60613
0
0
3
-1000000
0
1
18 4
0.478773 0.143131 -0.184054 -0.630633 
0.00629 0.671714 -0.092926 -2.411757 
1.987763 -0.817341 -3.355172 -2.153569 
-2.278748 0.056145 0.715139 1.215686 
-0.628468 -2.311849 -0.803612 0.638068 
-0.868853 -1.572158 0.448639 0.37232 
1.18962 -2.047974 1.094702 -1.207611 
-0.439721 0.615423 -1.054287 -2.014763 
0.412014 -0.056843 1.251108 -0.642983 
-1.709258 -0.21063 -0.027338 0.579061 
0.953842 0.251506 0.988823 1.684625 
-0.45731 -0.230176 0.708242 2.209131 
1.032994 -0.23613 0.175962 0.365421 
1.617852 2.003248 0.038312 -0.000292 
1.340271 -0.293029 1.881571 1.621306 
-3.036596 1.041184 -0.694677 0.570988 
-0.37087 -1.542629 0.539456 -0.563447 
1.828086 -0.252555 -2.74088 -2.520709 
1
1 4
3.649716 16.463809 12.183812 10.419405 
14
4
60614
0
0
346
-1000000
0
1
18 4
0.925914 -0.387066 0.842625 1.629405 
2.113905 -0.23397 1.406286 0.706287 
-2.408237 -0.471493 1.405479 -0.152994 
1.230623 -0.717381 -0.189431 -0.934928 
-0.577124 -0.599137 -0.693212 -0.97315 
-0.926813 0.214431 -1.963059 -1.456196 
-0.15559 -0.00653 0.60212 -0.256733 
1.146324 -0.130156 0.926908 -0.804153 
0.940445 0.02256 1.364586 -0.102361 
-0.417692 -1.896326 -0.758887 0.500178 
-0.309574 1.301096 -0.401571 -1.802833 
-0.868533 0.241374 -0.868678 -1.086393 
-0.43729 1.583512 -1.076929 1.294928 
-0.134825 -0.437403 0.284571 0.728232 
0.34296 -1.234265 -1.495826 0.249024 
-0.256796 0.334626 0.382849 -1.70598 
-0.948526 1.016251 0.827468 1.41117 
-0.199116 0.457458 -0.184805 0.269228 
1
1 4
11.082064 18.638141 16.912851 9.394374 
14
4
60615
0
0
5
-1000000
0
1
18 4
1.124413 0.18304 0.900707 1.432435 
1.817917 -0.579886 1.862752 0.303012 
-2.410968 -0.567626 1.6486 -0.277864 
1.180921 -0.474829 0.134055 -0.907182 
-0.71526 0.010686 -1.070932 -0.935687 
-0.891147 0.433276 -1.857273 -1.569351 
-0.413146 0.053296 0.571644 -0.40582 
1.52633 -0.387494 0.730219 -0.709557 
1.011615 0.22197 1.604833 -0.186509 
-0.37911 -1.850656 -0.572817 -0.020765 
-0.267068 1.044425 -0.573011 -1.748244 
-0.772374 0.717695 -0.26032 -0.887951 
-0.036082 1.780621 -1.16019 0.948025 
0.313626 -0.140423 -0.209974 0.750046 
0.404029 -0.867277 -1.880245 0.155988 
0.210939 0.354411 0.003055 -1.880585 
-0.859755 0.94262 0.517171 1.190924 
-0.230485 0.366765 -0.416934 0.453337 
1
1 4
10.810388 18.240042 16.462366 9.80754 
14
4
60616
0
0
5
-1000000
0
1
18 4
-0.109354 0.199193 1.466456 1.337425 
2.086775 1.302699 -0.323015 0.336767 
0.780583 -0.232705 0.909275 -0.419864 
0.285259 -0.358796 1.217803 0.615012 
-0.927052 -0.897652 -0.347521 -0.856121 
-1.033943 0.217177 -0.362515 1.006161 
1.178499 0.064097 2.127294 -0.649468 
0.112247 -0.905115 0.684534 0.037328 
1.054323 0.032491 1.975981 -0.729759 
-0.406552 -1.120916 0.98295 0.56918 
-0.276674 0.87973 -1.907301 0.535816 
-0.686529 -0.024508 -0.126395 -1.021512 
-0.121103 -0.828067 0.88544 -1.111586 
0.446357 -0.49909 0.576313 -0.556081 
0.618356 1.300923 -0.260218 1.728224 
0.647533 -0.052722 0.428041 -0.856802 
0.526241 -0.964617 0.54248 -0.705575 
0.975591 -1.478477 1.698796 0.543491 
1
1 4
5.932972 15.382444 14.775068 -0.048189 
14
4
60617
0
0
1
-1000000
0
1
18 4
1.688553 0.812768 -0.81178 0.366721 
1.328498 -0.735816 0.436629 -1.019667 
2.00494 -0.70279 0.194115 1.61361 
1.408901 0.853918 2.31355 -1.482328 
1.057369 0.569886 -0.885765 -0.079182 
-0.01559 0.546579 1.24087 -1.752338 
1.690603 0.924578 -0.089445 2.109468 
-1.857174 0.402097 0.012365 -2.227212 
0.744492 -0.057496 1.23378 -0.216518 
-0.035923 0.091959 1.934556 -1.033753 
-0.377134 0.329432 -1.331696 1.522279 
2.838154 -1.469131 1.003817 1.429157 
1.487638 0.94381 -0.021304 1.297189 
0.662135 0.230962 -2.043692 0.34067 
-0.182612 0.693991 -1.816642 1.241928 
-0.703486 1.031409 0.338426 -1.141012 
0.201404 0.269773 1.480573 -1.022055 
-0.134204 0.049291 -0.063168 0.251112 
1
1 4
2.813745 18.127613 15.267429 -0.144545 
14
4
60618
0
0
1
-1000000
0
1
18 4
0.828482 0.402397 0.871627 1.316249 
1.741738 -0.399076 1.677628 0.472181 
-2.740691 -0.964181 1.6209 0.008726 
1.248266 -0.255641 0.047255 -0.919137 
-0.24106 -0.245999 -0.531819 -0.702208 
-0.848959 0.38687 -2.062489 -1.412274 
-0.167847 0.146372 0.850346 -0.649027 
1.202092 0.085667 0.870613 -0.604927 
1.323748 0.114963 1.359549 -0.473407 
-0.070244 -1.787485 -0.523093 0.984786 
-0.488546 0.945002 -0.732278 -1.770507 
-0.531931 0.432367 -0.672084 -1.102226 
0.369522 1.659673 -1.050739 1.491219 
0.122364 -0.208399 0.261657 0.447753 
0.200139 -0.920602 -1.566321 0.067491 
-0.026914 0.801731 0.205544 -1.903217 
-0.889505 1.165199 0.778489 1.114107 
0.278747 0.460703 -0.184532 0.064707 
1
1 4
10.881925 18.595126 16.667984 9.246473 
14
4
60619
0
0
5
-1000000
0
1
18 4
-0.600208 -0.160751 -0.415983 -0.058788 
-0.921584 -0.522927 0.459006 0.359514 
-0.820583 0.862597 0.596533 -0.131537 
-0.306766 -0.731236 -0.878739 -0.91753 
-0.1298 -0.561221 -0.158219 -0.78535 
0.439062 0.836693 -0.804904 -0.116276 
-0.432209 0.405748 -0.262466 -0.533258 
-0.011116 -0.909883 0.791315 0.388674 
-0.070635 -0.624667 -0.670113 0.00778 
-0.147595 0.788893 -0.632705 0.03182 
0.65149 0.963827 0.900283 -0.655276 
-0.767408 -0.978456 -0.572806 0.10279 
-0.539677 0.268973 0.31744 0.899385 
0.105667 0.512536 -0.216891 0.673457 
-0.081715 0.520641 -0.859801 0.907167 
0.610757 0.931514 0.295842 -0.459877 
-0.693152 0.625728 0.547902 0.159251 
0.414621 0.915197 -0.808927 0.066112 
1
1 4
18.850739 1.867877 14.40294 2.060359 
14
4
60621
0
0
0
-1000000
0
