0.230003 8.87 18.46
90 -90 0
1
0
0 0 1
0.5 0.5 0.5
0 19 0.25
0 0 1
1
0
0 
0 
0
2
6
0
0 0 1
1 1 0.1
0 0 0.7
0 0 1
1
0
1 
1 
1
0 0 1
0.12 0.4
-0.5 0.5 0.4
-4.36662e-16 -2.70129e-16 -1
1
0
1 
1 
0
0 0 1
1 1 0.1
0 -1 0.7
0 0 1
1
0
1 
1 
1
0 0 1
0.12 0.4
0.5 0.5 0.4
-4.36662e-16 -2.70129e-16 -1
1
0
1 
1 
1
0 0 1
0.12 0.4
0.5 -1.5 0.4
-4.36662e-16 -2.70129e-16 -1
1
0
1 
1 
1
0 0 1
0.12 0.4
-0.5 -1.5 0.4
-4.36662e-16 -2.70129e-16 -1
1
0
1 
1 
5
3 0 
0 0 1 
0.5 0.5 0.7 
1 0 0 
-10 10 
1 
1 0 
0 0 1 
-0.5 0.5 0.7 
1 0 0 
-10 10 
1 
2 5 
0 0 1 
-0.5 -1.5 0.7 
1 0 0 
-10 10 
1 
2 4 
0 0 1 
0.5 -1.5 0.7 
1 0 0 
-10 10 
1 
0 2 
0 0 1 
2.77556e-17 -0.5 0.7 
2.70129e-16 1 0 
-10 10 
1 
6
0
0.7 0.7 1
1 1 0.1
0 19 0.7
0 0 1
1
0
1 
1 
1
0.7 0.7 1
0.12 0.4
-0.5 19.5 0.4
-4.36662e-16 -2.70129e-16 -1
1
0
1 
1 
0
0.7 0.7 1
1 1 0.1
0 18 0.7
0 0 1
1
0
1 
1 
1
0.7 0.7 1
0.12 0.4
0.5 19.5 0.4
-4.36662e-16 -2.70129e-16 -1
1
0
1 
1 
1
0.7 0.7 1
0.12 0.4
0.5 17.5 0.4
-4.36662e-16 -2.70129e-16 -1
1
0
1 
1 
1
0.7 0.7 1
0.12 0.4
-0.5 17.5 0.4
-4.36662e-16 -2.70129e-16 -1
1
0
1 
1 
5
3 0 
0.7 0.7 1 
0.5 19.5 0.7 
1 0 0 
-10 10 
1 
1 0 
0.7 0.7 1 
-0.5 19.5 0.7 
1 0 0 
-10 10 
1 
2 5 
0.7 0.7 1 
-0.5 17.5 0.7 
1 0 0 
-10 10 
1 
2 4 
0.7 0.7 1 
0.5 17.5 0.7 
1 0 0 
-10 10 
1 
0 2 
0.7 0.7 1 
2.77556e-17 18.5 0.7 
2.70129e-16 1 0 
-10 10 
1 
-1
1
2494
17
5
1500
0.05
103
1
1
22 5
0.039919 1.65176 -0.245724 -1.12632 -1.01108 
0.269019 -2.01313 0.441466 -1.20796 0.996562 
-0.506891 -0.977246 1.20809 -0.065393 3.37428 
0.157091 0.73926 0.779587 -2.03855 0.720446 
-0.183689 -0.500638 -0.433326 -1.2355 -0.878419 
0.25534 -1.3429 -0.756579 1.80835 -0.472999 
-0.619658 -1.72983 -0.89003 -1.25259 1.17655 
-1.1871 0.247001 0.115558 -2.36637 0.925394 
1.0617 1.04182 0.4821 1.26631 -0.385864 
-0.800504 -0.736702 -1.52997 2.0497 -0.289496 
-0.029748 -1.32678 0.284431 -0.503767 -1.046 
-0.217326 1.28685 1.05937 -0.804122 -0.979388 
0.157496 -3.58986 0.808237 -1.08428 -2.04309 
-0.856869 2.35335 0.052889 2.45415 -1.50637 
1.2819 0.741976 -0.670489 0.02904 -3.54378 
-0.962139 -0.384915 0.491405 0.529636 0.300469 
-1.26625 0.133092 -1.2599 1.06466 0.370079 
1.50173 -2.24098 -1.35644 -1.81903 1.26477 
2.45357 0.317246 0.938352 -1.87603 1.81727 
-0.975053 -1.56614 0.611129 -1.39007 -0.247854 
0.264055 -1.3325 -2.03264 -0.152916 -1.10518 
0.720611 -1.628 3.5524 -0.274519 1.00526 
1
1 5
4.3853 14.4436 11.9033 10.5446 7.68434 
17
5
2430
-520.634
1
65
-1e+06
0
1
22 5
2.56174 -2.65438 1.50794 -1.26627 -0.113953 
-2.98848 0.713518 1.51455 -0.224532 -1.59693 
-2.2263 -0.752258 -1.70678 1.45956 -0.391855 
2.05614 -3.0866 -1.02241 -1.0306 -0.270027 
1.58799 0.27283 2.41223 1.95985 0.391948 
1.97817 0.001441 1.20542 2.27715 0.725778 
0.295363 0.797679 -0.719858 1.10803 -0.714304 
-2.0035 2.19238 -1.0943 -2.76849 0.960208 
1.01953 -1.76795 0.980801 0.819786 -3.08528 
1.03723 1.92462 -0.277208 -0.066011 0.272828 
0.671584 -1.51004 0.068189 1.73635 -1.25036 
0.382655 1.60284 2.2599 -1.14586 0.239055 
0.598408 -0.818055 -2.01325 1.21944 1.74512 
0.433266 -2.10357 2.56442 -0.737682 -0.468715 
-1.09149 0.236004 1.31138 -0.576151 -2.90518 
0.705025 -1.34588 -1.38254 -0.90527 2.84802 
0.257534 -0.462426 0.741286 -0.977429 1.46568 
-0.486946 -2.04986 -1.44981 -1.30445 -1.87322 
-0.102494 0.370126 1.35709 -0.675789 0.44307 
0.505845 1.41588 0.32541 -0.266215 1.93855 
0.397586 0.616327 0.551798 -2.58352 1.69414 
0.16815 0.472926 -3.79208 -1.52382 -0.586935 
1
1 5
10.8514 3.99237 6.63401 4.81342 13.6579 
17
5
2149
-585.681
1
43
-1e+06
0
1
22 5
0.825658 -1.6367 1.08704 1.58535 0.643119 
0.185618 -1.08513 1.27607 -2.46005 -0.827019 
1.48315 0.202835 0.954736 -1.09556 -2.73376 
0.998148 -0.142914 -1.54456 2.7744 1.74208 
0.591211 -1.95203 -0.541278 0.94939 2.1585 
-1.48889 -0.294847 1.59858 -0.526727 -0.970165 
0.060155 0.437982 1.25873 -2.13082 -0.451461 
0.044172 -0.113179 0.541551 0.991593 0.564342 
1.10546 1.26685 -2.96746 -4.04703 -0.701142 
-0.615051 -0.453161 -3.51661 1.67039 0.896556 
-0.201746 -0.682654 0.889269 0.24982 -1.29314 
0.255077 -0.948841 0.795452 1.15759 -2.67604 
-0.799691 -2.8053 2.12807 -0.531771 -0.49017 
2.35956 -0.72337 -0.996332 -0.033634 -0.388702 
-0.008665 -1.05943 1.82271 0.386003 0.098307 
-1.3392 0.577694 0.683084 -0.246729 -1.46177 
0.100674 -1.11353 -0.30397 0.449626 0.137343 
-0.624582 0.202041 -2.38773 -0.240868 -1.3977 
0.292941 0.599216 -0.217996 -1.19365 -0.095289 
-1.81561 -0.709444 1.57169 -0.222496 -2.43271 
0.373946 -1.6595 0.008828 -0.191884 0.023929 
0.582788 1.71832 0.105149 0.38868 -0.106882 
1
1 5
5.68448 6.17254 12.9048 4.15367 19.1918 
17
5
2352
-734.677
1
15
-1e+06
0
1
22 5
-2.71062 -0.203178 0.134502 -1.65878 -1.95288 
-2.25497 0.306057 0.600517 2.10884 1.06489 
-0.756618 1.18911 -1.94571 -1.57573 0.248035 
0.500395 1.12256 1.34707 -0.131439 0.282861 
2.45777 -2.30937 0.342881 -0.438802 -2.09555 
0.189418 1.54643 -0.561237 0.149684 -0.724498 
-1.52248 0.15298 0.671354 2.43679 -0.421498 
-1.73782 1.30498 -0.581859 0.005159 0.642682 
-1.24309 -2.47226 -0.130541 0.621105 -1.34328 
-0.558048 -1.89979 -1.03989 -0.16312 -0.82009 
-2.9835 0.228707 -0.202293 0.686717 -0.450115 
-0.567305 1.58443 2.17866 2.15613 -0.823153 
-0.962247 -0.639968 -0.281969 -2.75006 1.69432 
-0.17816 -0.636203 1.21667 1.13645 -2.74823 
0.692352 2.0871 -0.456284 -1.75491 1.93826 
0.451785 0.299184 1.30194 1.75463 -1.02482 
0.576795 0.990787 2.75401 -1.17122 -1.33022 
0.91099 0.764784 -0.332648 -0.900186 0.881835 
1.11745 2.41699 -0.331952 -1.57726 0.32126 
0.654258 1.41155 -0.624809 1.85893 -1.14994 
0.818319 -1.28232 1.24169 -1.96578 -1.32077 
-1.69892 0.302228 -1.60992 0.320027 -0.049645 
1
1 5
7.39811 10.3783 8.28087 16.0457 12.458 
17
5
2466
-898.535
1
11
-1e+06
0
1
22 5
-0.927427 -0.148349 -0.879604 -1.21205 0.770235 
-0.930549 -0.256111 -0.324822 0.968878 -0.273223 
-0.73133 1.35789 -1.27303 0.66871 1.38857 
-1.94172 0.165023 -0.192981 0.090305 -0.678692 
-1.11476 0.245391 -0.045152 -2.81334 0.877268 
-1.80895 -0.476239 -0.342182 0.272974 -1.40403 
0.063726 -1.43205 -0.12137 -0.094977 -1.60703 
-1.12805 0.289911 2.17536 -0.475941 0.864574 
-0.205612 0.477942 0.40736 0.368003 -1.09728 
-1.55809 1.03215 1.43208 0.649901 -0.633143 
0.433699 0.183111 -1.62967 -0.209227 -1.47983 
0.413343 -1.46703 0.187708 -2.45089 0.402594 
-0.297175 -0.405289 -0.143475 0.085409 -0.111055 
0.730808 0.127547 0.101817 0.522401 -0.662313 
0.900199 -0.155035 0.61927 -0.729704 -0.957719 
0.548712 -0.84679 -1.2571 -1.85429 0.574467 
-1.22963 -0.722958 0.404405 0.56843 0.071784 
0.891484 -1.82214 0.792178 0.304724 -0.882755 
0.757177 1.00584 0.695147 0.030767 -0.48741 
-0.561379 -1.47394 0.386434 0.333574 -1.25217 
-1.5841 -0.03453 -0.475409 0.1562 0.852812 
-0.110255 -0.597851 1.25178 0.184491 0.040537 
1
1 5
16.2174 3.28983 12.1959 13.3965 12.5803 
17
5
2448
-990.172
1
5
-1e+06
0
1
22 5
1.78836 1.43559 -1.2834 1.57993 -0.562145 
-0.610287 -0.245854 -0.14359 0.423308 -1.22584 
-1.04941 0.683668 -0.901813 0.342962 -1.46524 
-1.31236 -0.399699 0.139457 1.98368 -0.09405 
-0.650505 -0.349231 0.278494 -0.791212 -2.40871 
1.95846 -0.391933 0.219308 1.49866 -0.840508 
-2.48068 -1.34714 1.10323 2.44797 -1.48193 
-0.183374 0.211318 2.91899 -0.321268 1.49391 
-2.96762 -0.843558 0.179148 -0.245302 0.675638 
1.0498 0.448535 -0.42078 -0.648898 1.6178 
1.09735 -1.62392 -0.242729 0.239848 1.24954 
-2.1356 -0.335812 0.53324 1.65896 0.981262 
0.583667 1.39713 -0.876084 0.573023 2.76471 
0.655481 -0.419805 1.00994 1.46611 -0.714736 
-2.93378 -1.89744 0.06403 -1.24321 0.295154 
0.994574 0.326158 -2.78935 -0.766155 -0.488128 
1.47837 0.854172 -1.2579 0.436701 -0.00117 
1.1932 -2.14715 1.03718 -0.504589 -0.640834 
1.05318 2.39777 -0.379637 1.0473 0.613471 
0.342099 -0.048365 -0.214326 0.863354 0.845866 
0.679004 1.78563 -0.583882 -2.76288 0.302563 
0.05452 1.28821 2.37838 -1.75296 -0.667565 
1
1 5
18.793 6.05132 2.24256 4.80702 4.49865 
17
5
2458
-1052.22
1
2
-1e+06
0
1
22 5
0.391092 -0.927789 0.255431 0.177616 0.243823 
0.841707 -0.470369 -0.115309 -0.698107 -0.995086 
-0.169996 0.107246 -0.898171 -0.475132 0.358436 
0.600508 0.319314 -0.045765 0.966773 0.553806 
-0.724419 0.423993 -0.465553 0.546264 -0.446539 
0.894134 -0.517904 -0.716904 0.467881 0.628774 
0.714115 -0.141025 0.700984 -0.030452 -0.963409 
-0.055192 -0.188745 -0.433779 0.829497 0.113146 
-0.428865 -0.340498 -0.779606 -0.327036 0.184368 
0.578829 -0.726528 -0.496317 -0.466935 -0.759755 
-0.942511 -0.191354 0.664238 -0.408065 -0.64509 
-0.782301 -0.51393 -0.162995 -0.499205 0.953951 
-0.534221 -0.78509 -0.187074 -0.833237 0.184457 
-0.150483 0.11157 0.995712 0.415737 -0.058931 
0.108859 0.986871 0.600569 0.329252 -0.340165 
-0.215062 -0.091918 -0.066694 0.288619 0.441146 
0.17355 0.346108 -0.750208 -0.162211 0.938043 
-0.395298 0.055487 -0.575887 0.441705 0.556281 
-0.621936 0.907484 0.771191 0.190988 -0.925752 
-0.04435 -0.959495 0.185817 -0.048638 0.456241 
-0.873113 -0.939778 0.443113 0.727455 0.389473 
-0.897052 -0.487606 -0.702444 0.036253 0.801013 
1
1 5
17.5177 2.99314 11.8977 19.8907 10.9521 
17
5
2469
-1184.53
1
1
-1e+06
0
1
22 5
0.924194 -1.58698 1.12525 1.58186 0.717118 
0.07304 -1.11798 1.2223 -2.4037 -0.886119 
1.51719 0.137926 0.905441 -1.09873 -2.71008 
0.985125 -0.24582 -1.49869 2.74605 1.78483 
0.647556 -1.97323 -0.496004 0.937727 2.12709 
-1.44123 -0.328241 1.6713 -0.515637 -0.885119 
0.146419 0.421104 1.19138 -2.08869 -0.552463 
0.169687 -0.128201 0.549243 1.0131 0.497406 
1.06839 1.34948 -2.90726 -4.06449 -0.635005 
-0.669919 -0.502173 -3.51086 1.70242 0.930239 
-0.143457 -0.664708 0.888105 0.238278 -1.21888 
0.285106 -0.932984 0.906389 1.27082 -2.74412 
-0.682652 -2.93275 2.06655 -0.449944 -0.404664 
2.45382 -0.72367 -1.07388 -0.007876 -0.356251 
-0.028561 -1.12149 1.83073 0.463815 0.187673 
-1.41765 0.543495 0.703149 -0.21163 -1.49612 
0.08539 -1.03763 -0.309973 0.428907 0.077881 
-0.71984 0.104749 -2.34291 -0.202507 -1.39322 
0.138158 0.696 -0.21324 -1.0994 -0.205775 
-1.71565 -0.730772 1.54533 -0.324677 -2.3444 
0.370303 -1.54946 0.073273 -0.17874 0.116494 
0.643868 1.68858 0.034213 0.395533 -0.214436 
1
1 5
5.64077 6.12084 12.8957 4.16202 19.1343 
17
5
2470
-832.743
1
15
-1e+06
0
1
22 5
-2.85353 -0.096593 0.095672 -1.6663 -1.87276 
-2.33669 0.275939 0.538412 2.28318 1.05582 
-0.698791 1.20592 -1.76847 -1.61162 0.343784 
0.380297 1.07827 1.31639 -0.150984 0.125966 
2.34027 -2.46596 0.392196 -0.578217 -2.03955 
0.015163 1.34755 -0.514179 0.16502 -0.620288 
-1.42597 0.037007 0.767752 2.28891 -0.498587 
-1.70162 1.34131 -0.525947 -0.002731 0.548461 
-1.2667 -2.47181 -0.196206 0.648863 -1.37032 
-0.498272 -1.83434 -1.06465 -0.079871 -0.946182 
-2.8472 0.311278 0.032491 0.687513 -0.421967 
-0.708413 1.5617 2.19785 2.17174 -0.765906 
-1.06293 -0.656599 -0.357869 -2.74817 1.57318 
-0.298764 -0.579961 1.19691 1.1472 -2.7583 
0.697512 2.17464 -0.667771 -1.71983 1.85224 
0.492343 0.275522 1.263 1.82519 -1.12234 
0.581068 0.936487 2.69132 -1.31164 -1.40613 
0.966932 0.649156 -0.352947 -0.881688 0.778474 
1.04371 2.33035 -0.497672 -1.58239 0.230733 
0.590751 1.26977 -0.58134 1.90194 -1.051 
0.85324 -1.26374 1.31338 -2.00648 -1.28175 
-1.68997 0.198845 -1.66491 0.338669 -0.095959 
1
1 5
7.27181 10.3581 8.33661 16.1114 12.4951 
17
5
2471
0
0
11
-1e+06
0
1
22 5
0.054415 1.65502 -0.260589 -1.13775 -1.02632 
0.255341 -1.98405 0.443493 -1.20591 0.982009 
-0.497918 -0.969237 1.21837 -0.055271 3.40474 
0.155559 0.740753 0.788983 -2.01993 0.723775 
-0.193046 -0.507061 -0.437161 -1.24822 -0.871943 
0.248886 -1.34667 -0.771632 1.79585 -0.491138 
-0.644389 -1.7091 -0.904808 -1.26423 1.18933 
-1.1754 0.261703 0.120281 -2.37161 0.898234 
1.08041 1.03812 0.460789 1.27779 -0.39345 
-0.780199 -0.770643 -1.5447 2.02056 -0.289708 
-0.04561 -1.31957 0.282296 -0.4957 -1.01093 
-0.235604 1.27328 1.02797 -0.803378 -1.00025 
0.151131 -3.57694 0.827719 -1.09114 -2.0482 
-0.822427 2.36355 0.055707 2.46057 -1.51423 
1.27559 0.770541 -0.671814 0.020519 -3.53631 
-0.979605 -0.368046 0.470122 0.520068 0.306701 
-1.25939 0.108621 -1.25103 1.054 0.377909 
1.49772 -2.25501 -1.36433 -1.82283 1.28042 
2.44455 0.301446 0.955809 -1.8449 1.83683 
-0.98841 -1.56149 0.611094 -1.3917 -0.223679 
0.249666 -1.32288 -2.04011 -0.170444 -1.11659 
0.7284 -1.62972 3.57207 -0.304137 0.969326 
1
1 5
4.39804 14.4373 11.9193 10.5232 7.66966 
17
5
2472
0
0
65
-1e+06
0
1
22 5
0.92954 -1.75712 1.04518 1.56223 0.547755 
0.312807 -1.16091 1.25868 -2.38427 -0.742195 
1.41875 0.209818 0.989833 -0.98195 -2.79456 
0.969379 -0.209243 -1.65748 2.7995 1.77464 
0.637645 -2.05424 -0.5626 0.938997 2.18209 
-1.5078 -0.277211 1.57817 -0.589023 -0.891012 
0.068783 0.416455 1.33535 -2.00831 -0.440007 
0.121764 -0.178115 0.563536 0.88175 0.638313 
1.08447 1.21261 -3.08499 -4.04592 -0.555212 
-0.601449 -0.485826 -3.48442 1.73684 0.848683 
-0.217496 -0.720618 0.923322 0.382163 -1.32625 
0.234504 -0.945515 0.839799 1.12772 -2.64421 
-0.841789 -2.66897 2.22257 -0.526891 -0.454033 
2.234 -0.819441 -0.9695 0.025787 -0.479272 
0.050283 -1.08967 1.71145 0.437727 0.068879 
-1.33733 0.691043 0.585128 -0.250612 -1.41597 
-0.000258 -1.1714 -0.33277 0.440161 0.181807 
-0.475263 0.224544 -2.32946 -0.28512 -1.41745 
0.324068 0.661094 -0.163277 -1.13772 0.04392 
-1.84227 -0.730193 1.4395 -0.2011 -2.36269 
0.324237 -1.69754 -0.09941 -0.249205 0.000451 
0.564186 1.67749 0.129493 0.287819 -0.117532 
1
1 5
5.71081 6.22576 12.9361 4.11988 19.2461 
17
5
2473
0
0
15
-1e+06
0
1
22 5
1.6124 1.07746 -0.997857 2.20818 -0.224788 
-0.789101 -0.653803 -1.38732 -0.039472 -0.59617 
-0.888055 1.01001 -1.65762 0.858615 -2.34658 
-1.15593 -0.182997 0.301252 2.38963 -0.19283 
-0.67859 -0.876573 -0.126198 -0.807245 -3.20551 
2.63994 -0.072186 0.096323 1.71048 -0.892325 
-1.95466 -1.08499 0.943369 1.7021 -2.03105 
-0.424712 0.083957 2.73189 -0.116546 1.73576 
-2.13925 -0.939693 -0.081402 0.233891 1.05571 
0.829492 1.29592 0.084248 -0.364201 1.22588 
1.22338 -1.7164 0.275678 -0.067417 1.07417 
-1.55869 -0.012278 0.216806 1.76021 0.590122 
1.42349 1.37907 -0.804724 1.21154 2.74082 
0.38148 -0.317803 0.707299 1.09928 -0.96171 
-2.27941 -1.86492 -0.729501 -0.53106 0.658709 
1.70337 0.366613 -2.05244 -1.37919 -0.50597 
1.52682 0.971046 -1.39671 -0.243286 0.362262 
1.23942 -2.42058 0.68532 0.203503 0.123557 
0.894575 2.49704 -0.173895 1.40475 0.807334 
-0.519945 0.260805 -0.236045 -0.08054 1.25667 
0.19617 1.42885 -1.12476 -2.95746 0.439999 
0.388112 1.02972 2.36662 -1.71247 -0.558196 
1
1 5
18.8548 6.16471 2.68996 4.95274 4.9833 
17
5
2474
0
0
2
-1e+06
0
1
22 5
0.819964 -1.71932 1.18506 1.51103 0.552441 
0.166046 -1.13209 1.36532 -2.36155 -0.88813 
1.42636 0.243628 0.868933 -1.04289 -2.75571 
1.03198 0.016642 -1.45773 2.76987 1.79966 
0.632511 -1.87374 -0.623099 0.953027 2.10275 
-1.4352 -0.446406 1.61267 -0.525526 -0.961885 
-0.001185 0.400946 1.33962 -2.13487 -0.502628 
0.155894 -0.224115 0.533347 1.00073 0.486128 
1.1322 1.20989 -3.01286 -4.07866 -0.729966 
-0.752651 -0.455654 -3.58081 1.71787 0.857839 
-0.155833 -0.77061 0.863005 0.233419 -1.29899 
0.229226 -1.0221 0.915187 1.14787 -2.57963 
-0.888039 -2.75598 2.12121 -0.506719 -0.43094 
2.48507 -0.756666 -0.959544 -0.031427 -0.304444 
-0.009483 -0.998429 1.83573 0.393773 0.093984 
-1.33947 0.521776 0.687222 -0.294156 -1.39352 
0.079212 -1.11562 -0.400303 0.530006 0.228028 
-0.702942 0.140048 -2.34802 -0.2606 -1.35298 
0.296972 0.560684 -0.291568 -1.23403 -0.072188 
-1.84221 -0.767435 1.62942 -0.202747 -2.42035 
0.405725 -1.61562 -0.049164 -0.173642 -0.009137 
0.620254 1.77595 0.130988 0.41054 -0.173412 
1
1 5
5.74826 6.19543 12.8803 4.12728 19.1579 
17
5
2475
0
0
15
-1e+06
0
1
22 5
0.03178 1.65153 -0.230046 -1.15555 -0.996915 
0.25601 -2.03445 0.446969 -1.24272 0.985097 
-0.496884 -1.00251 1.19321 -0.070848 3.38267 
0.186098 0.733538 0.800029 -2.04887 0.72959 
-0.185004 -0.503599 -0.424609 -1.23226 -0.885528 
0.234956 -1.35913 -0.755392 1.80266 -0.459227 
-0.64309 -1.72638 -0.900358 -1.21005 1.16902 
-1.17429 0.253459 0.11216 -2.36534 0.915159 
1.06842 1.07647 0.505079 1.25444 -0.390714 
-0.82512 -0.726173 -1.54746 2.03194 -0.295579 
-0.030585 -1.30838 0.274443 -0.512982 -1.03856 
-0.231429 1.26269 1.05379 -0.784453 -0.984406 
0.166051 -3.56707 0.816764 -1.10346 -2.01991 
-0.865883 2.34833 0.038435 2.45943 -1.47641 
1.27561 0.727326 -0.668104 0.041154 -3.56454 
-0.957229 -0.358654 0.490644 0.533512 0.309621 
-1.28584 0.148998 -1.25494 1.05008 0.352684 
1.48877 -2.22736 -1.36976 -1.81774 1.2446 
2.48349 0.300471 0.980819 -1.8728 1.79309 
-0.980698 -1.60186 0.634055 -1.39953 -0.2529 
0.292568 -1.34059 -2.0493 -0.154047 -1.1194 
0.721368 -1.60833 3.54082 -0.266939 1.01009 
1
1 5
4.39979 14.4351 11.92 10.5577 7.68409 
17
5
2476
0
0
65
-1e+06
0
1
22 5
-1.06943 -0.17389 -0.930788 -0.914218 0.579826 
-1.02359 -0.236412 -0.565746 0.894029 -0.138876 
-1.14156 1.33552 -1.54731 0.946804 1.13838 
-1.80993 0.14402 -0.560694 -0.034877 -0.619078 
-1.22678 0.34409 0.306192 -2.60307 1.11092 
-2.11464 -0.271319 -0.565408 0.17448 -1.25294 
0.201435 -1.45497 0.019663 -0.223595 -1.69284 
-1.28347 0.108612 2.18509 -0.298274 0.936678 
0.206645 0.380593 0.886198 0.251707 -0.985874 
-1.3539 0.830536 1.42986 0.983462 -0.870598 
0.725549 0.56626 -1.69279 -0.190446 -1.6255 
0.532703 -1.30198 0.069768 -2.47922 0.469023 
-0.111457 -0.505246 0.187037 -0.187606 -0.401469 
0.455246 0.177242 0.051967 0.611675 -0.786472 
1.07082 0.005464 0.661185 -0.61595 -0.871751 
0.52455 -1.1629 -1.30419 -1.92842 0.481902 
-1.18896 -0.748868 0.362832 0.643231 -0.236713 
0.912086 -1.67626 0.765382 0.199181 -0.785245 
0.754902 1.43632 0.799537 -0.261566 -0.319538 
-0.701233 -1.04692 0.4053 0.560432 -1.56158 
-1.32417 -0.212281 -0.460776 0.175142 0.824268 
0.175143 -0.433812 1.12696 0.454005 -0.037941 
1
1 5
16.5318 3.18948 12.0693 13.2409 12.6345 
17
5
2477
0
0
5
-1e+06
0
1
22 5
0.038306 1.62956 -0.255843 -1.10843 -1.00174 
0.249385 -1.9981 0.462313 -1.21013 0.992833 
-0.503103 -0.960126 1.21325 -0.062308 3.37228 
0.142211 0.736774 0.784869 -2.04302 0.709665 
-0.179201 -0.490901 -0.427136 -1.23061 -0.8961 
0.256019 -1.34832 -0.758066 1.81818 -0.466427 
-0.629532 -1.73761 -0.863212 -1.23522 1.18629 
-1.1983 0.236847 0.109024 -2.36335 0.918667 
1.05934 1.03662 0.483135 1.25069 -0.360128 
-0.808361 -0.749327 -1.51061 2.04454 -0.291455 
-0.047022 -1.31737 0.304356 -0.514334 -1.05958 
-0.216238 1.26553 1.04994 -0.788796 -0.981619 
0.130543 -3.57725 0.801732 -1.09728 -2.04764 
-0.849482 2.33972 0.030761 2.46332 -1.50302 
1.29683 0.759225 -0.649724 0.047922 -3.50806 
-0.95652 -0.366058 0.463877 0.52814 0.302538 
-1.26857 0.129529 -1.27857 1.07659 0.391725 
1.52077 -2.23843 -1.35826 -1.81 1.27838 
2.45676 0.28305 0.949376 -1.87488 1.82279 
-0.970944 -1.57383 0.616075 -1.35836 -0.276197 
0.220418 -1.31378 -2.02639 -0.130729 -1.12064 
0.715085 -1.59853 3.57863 -0.227434 1.01756 
1
1 5
4.37751 14.4042 11.9338 10.5482 7.64349 
17
5
2478
0
0
65
-1e+06
0
1
22 5
-0.459633 0.353369 -0.859781 -1.60134 0.549685 
-0.670325 -0.389005 -0.832344 1.21901 -0.192603 
-0.664249 1.09248 -1.1099 0.562712 1.22372 
-1.91393 0.400922 -0.11348 -0.078284 -0.46731 
-1.14313 0.132642 0.301212 -3.37265 0.83133 
-1.65605 -0.349558 -0.259056 0.720837 -1.39267 
0.093934 -1.3706 -0.249537 -0.228041 -1.26527 
-0.954728 0.154716 2.01402 -0.745655 0.957534 
-0.202727 0.180122 0.246096 0.25161 -1.29758 
-1.49813 0.928143 1.54224 0.643894 -0.528292 
0.328675 0.177572 -1.76659 0.033103 -1.61189 
0.481716 -1.43268 0.348655 -2.37976 0.558194 
-0.55356 -0.337267 -0.184225 0.351962 -0.073307 
1.17379 0.361305 0.231018 0.759693 -0.661344 
1.0762 -0.274743 0.382987 -0.518652 -0.674906 
0.247898 -0.703749 -1.35456 -1.83492 0.604479 
-1.47889 -0.660501 0.177183 0.638096 0.252327 
1.17993 -1.57208 0.698054 0.127004 -0.829313 
0.524956 1.25665 0.694765 -0.208961 -0.358598 
-0.346898 -1.1687 0.394932 0.189085 -1.21317 
-1.44883 -0.280256 -0.1855 0.132099 0.701331 
0.138464 -0.58441 0.861399 -0.232401 -0.903641 
1
1 5
16.2381 3.2347 12.4955 13.5914 12.6659 
17
5
2479
0
0
5
-1e+06
0
1
22 5
2.64399 1.7016 -2.27471 1.37324 -0.182414 
-0.571447 0.00267 -0.704607 0.751152 -1.39408 
-0.724301 0.902376 -1.16842 0.802533 -1.17498 
-2.12373 -0.656815 0.664408 2.13595 -0.405259 
-1.28793 -0.857626 1.00966 -0.071629 -2.46099 
1.39231 0.065937 -0.103381 1.51457 -0.672732 
-2.07247 -1.06015 1.30328 2.1372 -1.82509 
-0.067528 -0.032449 3.05397 -0.794539 0.830994 
-2.5597 -1.08242 -0.029212 -0.389152 0.992513 
1.06557 0.315935 -0.018685 -0.869955 1.38489 
0.777602 -1.94497 -1.58032 0.031455 1.20147 
-1.96622 -0.007096 1.11374 1.5421 1.37236 
0.252796 1.26119 -1.4408 0.630297 3.04195 
0.382534 -0.475963 0.362811 1.32349 0.314214 
-2.39115 -2.83483 -0.271804 -0.793407 -0.227744 
1.9796 0.318169 -3.2181 -1.75708 0.042424 
1.85077 1.23754 -0.986769 0.834844 -0.088113 
1.65572 -1.95314 0.429593 -0.169133 -0.150708 
0.521989 2.07936 0.366695 0.725743 0.294556 
0.942718 0.533806 -0.69939 1.52816 0.549276 
0.19927 1.46936 -0.863374 -3.04042 -0.020804 
0.289204 1.32511 2.22588 -2.65584 -0.875333 
1
1 5
19.0044 6.04757 2.98332 4.81869 4.88252 
17
5
2480
0
0
2
-1e+06
0
1
22 5
-0.985841 -1.51021 -0.620426 0.041434 1.57523 
0.53627 -0.563446 0.132975 -1.54266 -0.549547 
1.78755 -0.39146 -1.26717 -0.680733 1.59236 
1.05618 0.418086 0.75776 2.1815 0.952101 
-1.05591 -0.790911 -0.678104 -0.097959 -1.16456 
1.83212 -0.656945 -0.143193 0.463438 -0.881863 
-0.021888 0.173041 -0.851297 0.290757 -0.692617 
0.588313 0.064138 0.100974 -0.461973 1.77902 
-0.534332 -0.881172 -0.625064 1.10849 -0.858029 
-0.37449 -0.974953 0.842208 1.13755 -0.923967 
-2.30999 0.069983 -0.285759 -1.88132 -0.67569 
0.096742 -0.826239 0.93309 -0.202223 1.43903 
-0.873165 -1.30761 0.179865 -0.266917 -1.71853 
-0.376621 0.987318 0.11336 -0.856812 -1.55428 
0.793452 0.607887 1.41865 1.17096 -1.24673 
1.64397 0.001438 -0.23452 0.425632 0.823515 
0.887888 -1.20741 -0.668331 1.33491 -0.600048 
0.683039 1.36906 -0.252381 0.040302 0.098557 
-0.092212 0.395917 1.45039 -0.806086 -1.23947 
0.781268 -0.137732 0.542457 0.381642 0.695021 
-2.48272 -1.26806 -0.652396 0.912152 0.18746 
-0.549681 -0.340929 0.001243 1.4529 1.4845 
1
1 5
16.827 1.44404 11.4772 19.5125 11.8696 
17
5
2481
0
0
1
-1e+06
0
1
22 5
1.48776 0.832111 -1.22533 1.62314 -0.568067 
-0.55168 0.049684 -0.019169 0.745598 -1.34672 
-0.62381 0.689826 -0.835311 0.291598 -0.961603 
-1.94499 -0.522994 -0.111933 1.96036 -0.158339 
-0.653889 -0.759054 0.355441 -0.615265 -2.30173 
1.5717 -0.217497 0.465687 1.72368 -1.43243 
-2.3355 -1.47417 1.00237 2.59502 -0.91032 
-0.354678 -0.121304 2.2808 -1.15264 1.54042 
-3.36037 -0.770613 -0.103854 0.986743 0.289866 
1.23681 -0.329172 -0.376398 -0.787994 1.5645 
1.40221 -2.55464 -0.037552 -0.373859 1.6197 
-1.92472 -0.921122 0.031118 1.00704 1.2683 
0.510926 1.64592 -0.666078 0.77239 2.96788 
0.408291 -0.48817 1.28676 1.26313 -0.959721 
-3.2025 -1.49873 1.02269 -1.19068 -0.038195 
0.610741 0.442359 -3.27124 -0.889477 -0.163385 
2.22321 1.34124 -1.3048 -0.265863 0.669503 
1.21941 -1.85538 1.3217 -0.570362 -1.54003 
1.12372 2.19438 0.177114 1.43135 1.10115 
0.537991 -0.245428 -0.307629 1.01848 1.08578 
0.061721 1.88204 -0.792752 -3.20756 1.06965 
0.119297 0.614842 1.66667 -1.50503 -0.432164 
1
1 5
18.9747 7.1042 2.94268 4.4324 4.77185 
17
5
2482
0
0
2
-1e+06
0
1
22 5
2.56739 -2.66191 1.50897 -1.25685 -0.092586 
-2.96714 0.754582 1.47789 -0.202688 -1.59209 
-2.21817 -0.745063 -1.68735 1.45947 -0.381124 
2.03404 -3.06637 -0.989264 -0.985614 -0.284047 
1.58239 0.291505 2.40573 1.97891 0.378407 
1.97315 -0.010594 1.23085 2.3033 0.7101 
0.334804 0.767306 -0.727829 1.13155 -0.730039 
-2.03082 2.21105 -1.07535 -2.78263 0.901111 
1.02129 -1.80412 0.973814 0.84388 -3.09409 
1.05203 1.93742 -0.288707 -0.035222 0.306009 
0.685767 -1.49471 0.069299 1.69552 -1.24929 
0.379294 1.63553 2.22138 -1.14281 0.214638 
0.625865 -0.850132 -2.00976 1.21019 1.75041 
0.418474 -2.10108 2.57439 -0.756741 -0.460312 
-1.09495 0.267696 1.28749 -0.585538 -2.88139 
0.691278 -1.33998 -1.38238 -0.891189 2.87148 
0.264062 -0.428241 0.743014 -0.96183 1.49077 
-0.495997 -2.05047 -1.43034 -1.29294 -1.86916 
-0.042233 0.36357 1.34798 -0.684402 0.459179 
0.46993 1.37582 0.355926 -0.252036 1.96174 
0.433242 0.59387 0.513356 -2.55776 1.68077 
0.131444 0.493631 -3.78061 -1.53707 -0.582361 
1
1 5
10.825 3.97986 6.67211 4.79294 13.6559 
17
5
2483
0
0
43
-1e+06
0
1
22 5
1.57706 1.54381 -1.04286 1.93892 -1.02754 
0.236734 -0.079976 0.119426 0.430663 -0.851756 
-1.24276 0.476002 -0.517586 0.720893 -1.20657 
-0.91888 0.17157 -0.638887 2.0045 -0.859891 
-1.5172 -0.488873 -0.064702 -1.05252 -2.81873 
1.72849 -0.27708 0.374035 1.80104 0.323223 
-2.89196 -1.28991 1.71901 1.93764 -1.2609 
-0.084677 -0.447017 3.37486 -0.426626 1.30115 
-3.17095 -0.059053 0.695313 -0.254054 0.9864 
0.324053 0.40804 -0.031586 -0.947632 2.12162 
0.28726 -2.45455 -0.379276 0.598074 0.265943 
-1.76041 -0.839363 0.733621 1.74388 0.094622 
-0.041897 1.39772 -1.15018 0.913294 2.82401 
1.46211 -0.187017 0.654218 1.02224 -0.698238 
-1.76332 -2.02947 0.340466 -1.2782 0.611861 
0.596001 -0.18903 -2.55925 0.024538 0.056713 
2.01038 1.3487 -0.532265 1.07847 0.511854 
0.822837 -2.20459 0.950571 -0.125795 -0.509363 
0.26594 2.41738 0.59695 0.976426 1.53594 
-0.090685 0.243436 -1.04899 0.729961 0.433514 
0.754879 1.62495 -0.442111 -3.46178 0.353382 
0.463632 1.03363 2.67225 -1.68915 -1.44713 
1
1 5
18.7911 6.23142 2.4972 4.36609 4.76371 
17
5
2484
0
0
2
-1e+06
0
1
22 5
-2.74261 -0.129339 -0.043361 -1.69222 -2.07572 
-2.37031 0.338845 0.594805 2.26604 1.07905 
-0.760812 1.25257 -1.90467 -1.55685 0.177192 
0.669539 1.11044 1.51022 -0.281865 0.234235 
2.68065 -2.42222 0.316869 -0.361608 -1.99844 
0.199659 1.43013 -0.497905 0.055554 -0.659337 
-1.67863 0.289847 0.489131 2.41612 -0.645265 
-1.50169 1.35823 -0.690394 0.115462 0.677926 
-1.43869 -2.69613 -0.030714 0.541454 -1.28335 
-0.49445 -1.79315 -1.06991 -0.102713 -1.0803 
-2.8793 0.253768 -0.051987 0.645319 -0.494591 
-0.455315 1.33882 2.25713 2.2281 -0.892484 
-1.09739 -0.719439 -0.261777 -2.61105 1.64233 
-0.27876 -0.506473 1.15136 1.1133 -2.64456 
0.505833 2.1381 -0.447384 -1.76721 2.04725 
0.277575 0.15656 1.25256 1.69028 -1.00799 
0.623844 1.11931 2.87697 -1.11018 -1.36456 
0.910662 0.816414 -0.364941 -0.684711 0.737084 
1.1191 2.42387 -0.259349 -1.60809 0.219524 
0.774772 1.34593 -0.469304 1.83198 -1.29644 
0.937028 -1.40364 1.28722 -1.95244 -1.30597 
-1.57309 0.379242 -1.43844 0.471602 -0.151683 
1
1 5
7.3695 10.3098 8.35257 16.1698 12.3737 
17
5
2485
0
0
11
-1e+06
0
1
22 5
0.032948 1.63216 -0.261382 -1.12582 -1.02967 
0.26622 -2.01543 0.460318 -1.21672 0.979145 
-0.485291 -1.00447 1.22724 -0.067239 3.36421 
0.148773 0.749306 0.785094 -2.0551 0.721911 
-0.18186 -0.469446 -0.448295 -1.24429 -0.878584 
0.259563 -1.32176 -0.757686 1.80582 -0.491529 
-0.643586 -1.72314 -0.902803 -1.24881 1.17407 
-1.17918 0.267163 0.120996 -2.37715 0.913945 
1.06438 1.03672 0.481079 1.3068 -0.381455 
-0.778296 -0.724193 -1.53798 2.05204 -0.307686 
-0.049089 -1.3376 0.280208 -0.52668 -1.05117 
-0.213191 1.27486 1.07045 -0.79958 -0.985845 
0.167753 -3.57477 0.783528 -1.0819 -2.02361 
-0.864839 2.34908 0.038818 2.48609 -1.47238 
1.30463 0.751743 -0.65009 0.037326 -3.55998 
-0.973932 -0.389153 0.511072 0.533123 0.310132 
-1.25448 0.153465 -1.25171 1.0727 0.359316 
1.512 -2.25917 -1.33962 -1.80537 1.2642 
2.44236 0.294785 0.934696 -1.88065 1.81862 
-0.962502 -1.54568 0.613738 -1.3948 -0.252602 
0.260548 -1.3265 -2.03664 -0.131526 -1.09166 
0.727249 -1.62884 3.53645 -0.251941 1.0028 
1
1 5
4.40625 14.4346 11.9046 10.5372 7.6659 
17
5
2486
0
0
65
-1e+06
0
1
22 5
0.034904 1.6598 -0.258554 -1.16113 -0.983979 
0.234892 -2.01192 0.444601 -1.17517 1.00852 
-0.50191 -0.971964 1.17551 -0.071041 3.38243 
0.152286 0.742179 0.79076 -2.0605 0.706724 
-0.196233 -0.496898 -0.413695 -1.26651 -0.884181 
0.267818 -1.32933 -0.757487 1.78704 -0.456512 
-0.626237 -1.72062 -0.896715 -1.27456 1.20246 
-1.19817 0.262937 0.126995 -2.36258 0.938534 
1.06832 1.08245 0.493356 1.27402 -0.372626 
-0.777113 -0.745824 -1.55137 2.0329 -0.291851 
-0.016026 -1.32588 0.277069 -0.47592 -1.05425 
-0.210386 1.30347 1.06035 -0.808121 -0.996932 
0.147936 -3.58656 0.81689 -1.08181 -2.03839 
-0.842521 2.36194 0.071086 2.44405 -1.509 
1.29265 0.736541 -0.666258 0.025807 -3.54698 
-0.991867 -0.395241 0.482125 0.514331 0.325693 
-1.27174 0.133204 -1.27675 1.09322 0.391165 
1.47968 -2.2456 -1.37127 -1.81229 1.25016 
2.44104 0.330879 0.94256 -1.88954 1.82661 
-0.957498 -1.57863 0.588431 -1.41367 -0.266024 
0.272486 -1.38007 -2.0271 -0.154372 -1.12776 
0.721859 -1.62278 3.55409 -0.299198 1.02617 
1
1 5
4.37779 14.44 11.8997 10.5275 7.67336 
17
5
2487
0
0
65
-1e+06
0
1
22 5
-2.80633 -0.094571 0.087333 -1.46731 -2.02038 
-2.26626 0.385662 0.650725 2.23535 1.05622 
-0.66245 1.33811 -2.05863 -1.44979 0.157838 
0.399543 0.888995 1.41657 -0.156277 0.276297 
2.66154 -2.44823 0.296793 -0.525127 -2.02586 
0.210227 1.72277 -0.697382 0.072384 -0.750605 
-1.25836 0.28864 0.694903 2.39668 -0.343329 
-1.8408 1.24236 -0.54032 -0.128527 0.777048 
-1.1267 -2.63896 -0.151928 0.46253 -1.32324 
-0.48811 -1.94284 -1.08873 -0.17235 -0.831551 
-2.98943 0.196745 -0.227076 0.838801 -0.627175 
-0.590549 1.64198 1.98037 2.2105 -0.8388 
-0.937412 -0.584777 -0.171082 -2.83174 1.70136 
-0.280603 -0.534391 1.20973 1.20563 -2.66618 
0.705083 2.16621 -0.569677 -1.68444 1.89954 
0.317359 0.229839 1.33155 1.66324 -1.03567 
0.633107 0.961885 2.62373 -1.11782 -1.26405 
0.969443 0.966477 -0.555861 -0.90631 1.00068 
1.07972 2.46095 -0.185045 -1.6022 0.313384 
0.535104 1.32584 -0.699396 1.95807 -1.23998 
1.04944 -1.14937 1.24089 -2.06811 -1.07148 
-1.79147 0.370942 -1.58429 0.547669 -0.150046 
1
1 5
7.24738 10.3321 8.10854 16.0567 12.4744 
17
5
2488
0
0
11
-1e+06
0
1
22 5
0.047172 1.65416 -0.216031 -1.14357 -0.999132 
0.240163 -2.01397 0.410993 -1.18503 1.01605 
-0.523641 -0.970194 1.21126 -0.055633 3.38206 
0.140752 0.738724 0.768618 -2.0515 0.718927 
-0.17703 -0.506312 -0.425353 -1.24762 -0.884653 
0.266667 -1.33954 -0.755767 1.81361 -0.477632 
-0.61992 -1.72246 -0.890057 -1.24789 1.17488 
-1.18111 0.258373 0.116231 -2.3698 0.905273 
1.0939 1.05408 0.461681 1.26109 -0.397943 
-0.8 -0.733112 -1.55204 2.01947 -0.261641 
-0.031252 -1.32731 0.289689 -0.498074 -1.05123 
-0.192654 1.30459 1.03063 -0.786747 -0.953644 
0.166121 -3.61692 0.805824 -1.08052 -2.04197 
-0.834691 2.36471 0.022962 2.47864 -1.4834 
1.26848 0.781496 -0.659039 0.046073 -3.54784 
-0.961297 -0.380368 0.50567 0.523897 0.295005 
-1.24722 0.149762 -1.26858 1.08133 0.373367 
1.5026 -2.22073 -1.33451 -1.82794 1.2655 
2.46955 0.301043 0.913815 -1.89706 1.82835 
-0.956376 -1.59319 0.648209 -1.42121 -0.245821 
0.269922 -1.3532 -2.02876 -0.14494 -1.11203 
0.700938 -1.6095 3.53931 -0.265766 1.03259 
1
1 5
4.3858 14.4688 11.9008 10.5481 7.68989 
17
5
2489
0
0
65
-1e+06
0
1
22 5
2.52519 -2.65433 1.54015 -1.25465 -0.110352 
-2.97947 0.690424 1.50534 -0.230572 -1.57999 
-2.20674 -0.781007 -1.7237 1.45356 -0.429234 
2.04396 -3.07971 -1.07288 -1.06159 -0.250001 
1.6228 0.248841 2.43656 1.96444 0.384064 
1.96982 0.022614 1.18554 2.26871 0.736388 
0.250215 0.805326 -0.710053 1.12528 -0.723974 
-2.00431 2.19213 -1.14319 -2.73965 0.964232 
1.00387 -1.77322 0.982319 0.842714 -3.10589 
1.02513 1.96483 -0.271458 -0.120101 0.258649 
0.66642 -1.47625 0.06115 1.72118 -1.22404 
0.387265 1.60483 2.27648 -1.14518 0.228058 
0.592044 -0.786626 -1.99505 1.2083 1.72122 
0.444545 -2.14281 2.60417 -0.755902 -0.500744 
-1.07201 0.253153 1.30541 -0.570207 -2.9043 
0.720738 -1.35763 -1.37733 -0.921357 2.86702 
0.321761 -0.426546 0.72309 -1.00833 1.41462 
-0.489565 -2.02135 -1.46473 -1.33408 -1.8874 
-0.126642 0.378398 1.33977 -0.683661 0.411706 
0.491615 1.41904 0.344049 -0.305765 1.93886 
0.450162 0.612636 0.551143 -2.54073 1.70919 
0.166706 0.436046 -3.79617 -1.56626 -0.596218 
1
1 5
10.8488 3.97788 6.6302 4.79392 13.6448 
17
5
2490
0
0
43
-1e+06
0
1
22 5
-2.74509 -0.262679 0.009452 -1.75604 -1.96393 
-2.4418 0.200374 0.616325 2.02699 1.12197 
-0.726565 1.22069 -1.91419 -1.50697 0.336959 
0.581296 1.07622 1.45826 -0.114181 0.151747 
2.26696 -2.50303 0.35401 -0.528854 -2.01554 
0.215432 1.49181 -0.608408 0.190728 -0.645281 
-1.57488 0.152246 0.680055 2.37145 -0.179136 
-1.71166 1.42686 -0.641196 0.169827 0.818536 
-1.24019 -2.36672 -0.153709 0.590074 -1.494 
-0.668216 -1.88323 -1.21133 -0.130387 -0.871631 
-2.96898 0.276682 -0.186747 0.786701 -0.609483 
-0.535413 1.69165 2.21242 2.21752 -0.979084 
-1.03464 -0.696391 -0.202273 -2.7374 1.72679 
-0.274664 -0.571279 1.14878 1.15099 -2.87088 
0.693378 2.1514 -0.279136 -1.7722 2.10183 
0.502027 0.201229 1.35583 1.6722 -1.04562 
0.662195 1.0233 2.72909 -1.21093 -1.37137 
0.850301 0.725608 -0.246421 -1.01842 0.772414 
1.19424 2.51528 -0.273264 -1.51429 0.177921 
0.540028 1.41352 -0.696317 1.79778 -1.23235 
0.679627 -1.2651 1.20054 -2.02864 -1.51286 
-1.72417 0.246395 -1.64269 0.471823 -0.155375 
1
1 5
7.49897 10.594 8.19087 16.189 12.4804 
17
5
2491
0
0
11
-1e+06
0
1
22 5
0.071316 0.262187 0.819849 -0.59178 -0.927478 
-0.225847 -0.088978 -0.616911 0.168128 -0.307203 
0.279655 -0.68921 0.306713 -0.893322 -0.990428 
0.069062 0.76914 0.178544 0.835774 -0.718536 
0.784488 0.863616 0.206012 -0.285956 -0.571896 
-0.386286 -0.899667 -0.974394 -0.006854 0.893313 
0.465509 -0.935538 0.1555 0.285359 -0.527319 
0.228021 -0.940487 0.383702 0.61111 0.227641 
-0.923501 -0.109234 0.538431 0.383211 -0.002556 
0.548003 -0.547726 -0.233415 -0.273452 -0.711951 
0.048047 -0.488963 -0.848334 -0.745939 0.225079 
-0.42023 -0.132225 0.325412 -0.394624 0.860919 
0.218725 -0.929114 0.925381 -0.625773 0.356244 
-0.601938 0.602248 0.415757 0.781764 0.213358 
-0.3566 0.858262 -0.895875 -0.818169 0.241474 
0.101568 0.729833 0.693748 0.868152 -0.543618 
0.981796 -0.083799 -0.032582 -0.866537 0.17026 
-0.807502 -0.286768 -0.961964 0.517909 0.318606 
0.898955 -0.263365 0.389491 0.824336 0.11086 
-0.254263 -0.777601 -0.286891 -0.838505 -0.995837 
0.926467 -0.195106 0.862425 -0.969407 -0.013275 
0.1039 0.13216 -0.283441 -0.202351 0.000312 
1
1 5
12.1429 8.40473 19.2069 2.3334 9.67262 
17
5
2493
0
0
0
-1e+06
0
0
