0 2 7
90 -90 0
1
0
1 0 0
0.5 0.5 0.5
0 6 0.25 0 0 1
1
0
0 
0 
1
0
1 0 0
0.2 6.5 1.9
0 3 0.25 0 0 1
1
0
0 
0 
2
1
5
1
1 0 0
0.12 0.4
-1 1 0.4 0 0 -1
1
0
1 
1 
0
1 0 0
2 2 0.1
0 0 0.7 0 0 1
1
0
1 
1 
1
1 0 0
0.12 0.4
1 1 0.4 0 0 -1
1
0
1 
1 
1
1 0 0
0.12 0.4
1 -1 0.4 0 0 -1
1
0
1 
1 
1
1 0 0
0.12 0.4
-1 -1 0.4 0 0 -1
1
0
1 
1 
4
2 1 
1 0 0 
1 1 0.7 -0.707107 -0.707107 0 -10 10 
1 
0 1 
1 0 0 
-1 1 0.7 -0.707107 0.707107 0 -10 10 
1 
1 4 
1 0 0 
-1 -1 0.7 -0.707107 -0.707107 0 -10 10 
1 
1 3 
1 0 0 
1 -1 0.7 -0.707107 0.707107 0 -10 10 
1 
1
5
1
1 0.7 0.7
0.12 0.4
-1 7 0.4 0 0 -1
1
0
1 
1 
0
1 0 0
2 2 0.1
0 6 0.7 0 0 1
1
0
1 
1 
1
1 0 0
0.12 0.4
1 7 0.4 0 0 -1
1
0
1 
1 
1
1 0 0
0.12 0.4
1 5 0.4 0 0 -1
1
0
1 
1 
1
1 0 0
0.12 0.4
-1 5 0.4 0 0 -1
1
0
1 
1 
4
2 1 
1 0 0 
1 7 0.7 -0.707107 -0.707107 0 -10 10 
1 
0 1 
1 0 0 
-1 7 0.7 -0.707107 0.707107 0 -10 10 
1 
1 4 
1 0 0 
-1 5 0.7 -0.707107 -0.707107 0 -10 10 
1 
1 3 
1 0 0 
1 5 0.7 -0.707107 0.707107 0 -10 10 
1 
-1
1
30
15
4
1000
0.05
0
1
1
19 4
-0.999968 -0.473848 0.022421 0.8346 
-0.868931 -0.124163 -0.811821 -0.284541 
-0.282814 0.738771 0.534008 -0.922334 
0.323861 -0.861711 -0.786153 -0.881199 
-0.315402 -0.969207 0.533662 -0.732631 
0.669943 -0.252909 -0.644093 0.721745 
0.384667 -0.892284 -0.63214 -0.384324 
0.663997 -0.195237 0.641283 0.048792 
0.049811 -0.810141 -0.055672 0.312936 
-0.469445 0.025641 0.964149 0.461354 
-0.011844 0.930201 -0.109358 0.013423 
-0.393925 -0.709256 -0.473461 0.538828 
0.090839 0.745645 0.065979 0.910927 
-0.048902 0.099627 0.437059 -0.333971 
0.946069 0.590625 0.636832 -0.757742 
0.618612 -0.981908 -0.934832 0.276131 
0.946568 0.975906 0.064578 -0.637068 
0.791056 -0.705003 -0.997171 0.536568 
0.108327 0.655269 -0.88101 0.857783 
1
1 4
17.757238 2.903191 10.937541 11.267772 
15
4
0
0
0
0
-1000000
0
1
19 4
0.311269 -0.498538 -0.936529 -0.246178 
0.472988 -0.481826 -0.055101 -0.098352 
0.997831 0.554288 -0.06722 0.225287 
0.40406 -0.946905 -0.635545 0.383926 
0.648323 0.366042 0.077269 0.661578 
-0.850784 0.871669 0.148849 -0.286689 
-0.38512 -0.71338 0.209622 -0.867784 
-0.8622 0.99392 0.821443 -0.006829 
-0.781664 0.562949 -0.500602 0.368158 
-0.360929 -0.148993 -0.14116 -0.47829 
-0.636038 0.098352 -0.988001 0.657173 
-0.892494 -0.160721 0.751589 -0.040356 
-0.276416 0.270158 0.547962 -0.391765 
-0.398659 -0.274615 0.543258 0.550901 
0.998964 -0.409867 -0.651253 0.382302 
-0.639565 0.821635 -0.775415 -0.407393 
0.93322 0.635066 -0.43272 -0.740405 
0.008505 0.954058 0.856122 0.84438 
-0.495876 -0.200971 0.276998 -0.482923 
1
1 4
5.815062 6.747642 5.622092 12.516773 
15
4
1
0
0
0
-1000000
0
1
19 4
-0.008632 0.905727 0.557256 -0.186998 
-0.886499 0.606693 0.705989 -0.431915 
0.789947 0.641252 -0.475245 0.542593 
-0.631305 -0.351205 -0.715745 0.461356 
0.012229 -0.459562 0.132612 0.821229 
0.398096 0.8092 0.235778 0.726697 
-0.393415 -0.139006 -0.28163 0.635687 
0.000502 0.443439 0.885049 -0.976176 
-0.598425 0.270245 0.023374 0.848979 
0.805469 -0.469045 0.757321 0.298789 
-0.244076 -0.191173 0.948581 0.817659 
0.405078 0.157264 -0.850297 -0.942261 
-0.586264 0.656113 -0.693133 0.506262 
0.760154 -0.081009 0.477054 -0.13743 
0.202881 -0.173858 -0.033136 -0.92363 
0.544124 -0.90005 0.85329 -0.739224 
-0.14631 0.955772 -0.329283 -0.271803 
-0.201781 0.666535 0.46353 0.560074 
-0.824206 -0.44322 0.801389 0.957449 
1
1 4
9.190215 17.94889 12.997831 1.557059 
15
4
2
0
0
0
-1000000
0
1
19 4
0.526016 0.758902 0.870127 0.226599 
0.460632 -0.153924 0.996466 -0.385582 
-0.478046 -0.534598 -0.997619 -0.996484 
0.093408 -0.09066 0.27671 0.670894 
-0.270023 -0.277752 -0.178952 0.345679 
-0.164317 0.314831 -0.621804 -0.673049 
0.056019 -0.481712 -0.144591 -0.145812 
-0.675756 0.555292 0.808638 0.79018 
0.559414 0.076858 -0.231324 0.13614 
0.107463 0.13546 0.689839 0.128623 
-0.22413 -0.954735 -0.232704 0.932943 
-0.023783 0.278904 -0.45418 0.592574 
-0.595959 -0.292478 0.313418 -0.369075 
0.951748 0.028674 -0.065603 -0.59345 
-0.122357 -0.46113 -0.21597 0.179079 
-0.215028 0.011761 -0.321917 -0.46628 
-0.774237 -0.607133 -0.091969 0.275111 
-0.200662 -0.530252 0.050282 -0.895506 
-0.784354 -0.648044 0.318665 -0.188042 
1
1 4
6.435719 7.144132 19.442356 14.688576 
15
4
3
0
0
0
-1000000
0
1
19 4
0.253062 -0.772656 -0.044013 0.264029 
-0.458671 -0.885806 0.242955 -0.647523 
-0.927665 0.723391 0.035371 0.480905 
0.57207 0.787463 0.903584 0.551324 
0.117172 -0.686947 0.478968 0.015689 
-0.312863 -0.295052 -0.944254 -0.085566 
-0.116928 0.779011 0.842789 0.760652 
0.28624 0.841736 -0.931418 -0.354578 
0.607331 -0.577441 0.94601 -0.398424 
-0.319606 0.37527 -0.833159 -0.908769 
0.316954 -0.940197 0.096838 -0.428084 
-0.815453 0.67139 0.066453 0.880346 
-0.013067 0.375901 -0.223905 0.823006 
0.268405 -0.911665 -0.357004 -0.1722 
-0.168694 0.746553 -0.670315 0.00684 
0.966132 -0.217283 0.118046 0.01545 
-0.315284 -0.982984 0.982764 -0.680332 
-0.347675 0.613204 0.131968 -0.013283 
0.745702 -0.974633 -0.660851 -0.926086 
1
1 4
3.540291 2.672863 15.809793 9.201383 
15
4
4
0
0
0
-1000000
0
1
19 4
0.543077 -0.492554 -0.363786 -0.16272 
-0.845354 0.121155 0.263728 0.487638 
-0.255593 0.240675 -0.962609 -0.58481 
-0.916159 0.103521 -0.117259 -0.778884 
-0.71746 -0.358904 -0.104945 0.188088 
-0.797589 0.911217 0.828647 -0.920046 
0.785958 -0.398753 0.143769 0.334728 
-0.21745 -0.688896 -0.275342 0.324699 
-0.770098 0.947531 -0.830427 -0.99337 
0.42477 -0.882578 0.510201 0.958606 
-0.695308 -0.044165 -0.282671 -0.854932 
-0.857649 -0.509972 0.893422 -0.246896 
0.405274 -0.543497 -0.569554 -0.496268 
-0.788551 0.816113 0.427699 0.352406 
0.897009 0.036056 0.00611 0.697343 
0.252192 0.591656 -0.021655 0.042469 
-0.220574 0.807404 0.05448 -0.337986 
-0.533715 -0.16175 -0.545297 -0.8121 
-0.975682 -0.296102 -0.602562 0.727633 
1
1 4
4.135248 8.12175 15.261782 13.775849 
15
4
5
0
0
0
-1000000
0
1
19 4
-0.50545 0.893384 -0.881458 -0.678587 
0.976978 0.077749 0.736121 0.000621 
0.438631 0.076456 0.999821 -0.002993 
-0.312386 -0.273336 0.02708 -0.854529 
-0.077712 -0.11333 -0.749591 -0.389512 
-0.533558 0.485862 -0.100795 -0.065234 
-0.387953 -0.336289 -0.023583 -0.360969 
-0.809445 -0.352025 -0.50022 0.796628 
0.936721 -0.515817 0.656099 -0.928221 
-0.625817 -0.112513 0.986328 -0.785222 
0.76653 -0.9233 0.087776 -0.738574 
0.771161 0.90872 0.870965 0.316224 
0.783719 -0.026904 -0.178634 -0.314482 
0.490079 0.758901 0.859404 0.019829 
-0.718659 -0.504604 -0.894648 -0.359667 
-0.929171 -0.57926 0.366304 0.474248 
0.695561 0.30891 -0.145813 -0.692896 
0.487536 0.032983 0.346391 -0.200835 
0.55624 0.740966 -0.577589 0.448334 
1
1 4
2.501177 18.29275 16.264302 10.136738 
15
4
6
0
0
0
-1000000
0
1
19 4
-0.667657 0.686314 0.889519 0.159065 
-0.580123 -0.134455 0.208074 -0.890243 
-0.324718 0.454571 -0.024998 -0.153742 
0.054651 0.531286 -0.675977 0.839051 
-0.068532 0.18141 0.965372 -0.987084 
0.064476 -0.341244 0.700764 -0.252701 
0.853902 -0.463843 0.183422 0.784178 
-0.315379 -0.575994 -0.744785 0.389966 
0.169871 -0.961367 0.303346 0.337353 
-0.094227 0.317737 0.208337 -0.472946 
-0.818637 -0.834318 -0.386739 0.06826 
-0.753074 -0.922787 0.716599 -0.117937 
-0.181748 -0.644029 -0.201236 -0.174154 
0.978523 0.047114 -0.153714 0.513464 
-0.197421 -0.069569 0.744384 0.877993 
0.444749 0.908953 0.778076 -0.863027 
-0.904913 -0.873444 0.012695 -0.633647 
0.291564 0.318315 -0.071687 -0.853886 
0.722473 0.614324 0.949298 0.867638 
1
1 4
14.320162 14.96554 12.840997 6.638835 
15
4
7
0
0
0
-1000000
0
1
19 4
0.990394 -0.441906 0.872298 0.727658 
-0.236909 0.261627 -0.833861 -0.708773 
-0.363135 0.781001 0.285334 -0.378344 
-0.8357 0.374453 -0.559922 -0.613846 
-0.924906 -0.910379 -0.754065 0.427504 
-0.932367 -0.301901 -0.0513 -0.206158 
-0.908801 -0.232064 -0.316035 0.383486 
-0.734838 -0.437158 0.684469 -0.113374 
0.520458 -0.655936 -0.330748 -0.894641 
-0.235494 0.049375 -0.145218 -0.690702 
-0.640762 0.702012 0.718791 0.721784 
-0.976121 0.325023 0.676944 -0.593449 
-0.104654 -0.922653 0.963268 -0.354322 
0.904462 -0.702558 0.093004 -0.87429 
-0.205767 -0.331802 -0.610269 -0.805054 
-0.557049 -0.328138 0.980501 -0.713669 
-0.644447 0.765252 -0.395132 -0.990901 
-0.074544 -0.873373 -0.793533 -0.911746 
0.282569 -0.859761 -0.01943 -0.571277 
1
1 4
15.552803 2.969518 4.692403 5.222201 
15
4
8
0
0
0
-1000000
0
1
19 4
0.741006 0.088121 -0.947406 0.946724 
-0.399489 -0.212017 0.63015 0.947398 
0.919131 -0.158199 -0.863205 0.106587 
-0.577847 0.120414 -0.186522 -0.878041 
0.753016 -0.058389 0.653976 -0.610095 
0.132009 0.681009 -0.274035 0.284709 
-0.890348 -0.078921 -0.425263 0.598084 
0.005688 -0.393941 -0.980737 0.743743 
0.101412 0.435063 0.115714 0.809723 
-0.97272 -0.5082 0.665901 -0.190114 
0.745964 -0.569044 0.064699 -0.600537 
0.76506 0.378305 0.188256 0.030484 
0.354038 0.323033 -0.777575 -0.707268 
0.941144 -0.190072 -0.542101 0.897391 
0.458437 0.967362 0.469579 0.219649 
-0.351184 -0.36168 -0.769108 -0.402994 
0.872405 0.522433 0.534818 0.696534 
0.648991 -0.394821 0.233309 -0.75943 
0.257665 0.590627 0.677967 0.604871 
1
1 4
11.261765 7.490257 3.752793 2.193343 
15
4
9
0
0
0
-1000000
0
1
19 4
0.213071 -0.911141 0.446487 0.108792 
0.477976 -0.652552 0.556687 0.247581 
-0.897319 0.759485 0.680152 -0.680549 
-0.003419 0.523136 0.352338 -0.241805 
-0.027495 -0.124322 0.516647 -0.708523 
-0.159545 0.516239 0.437517 -0.640587 
-0.355883 0.667185 -0.614285 -0.301228 
-0.749553 0.252187 0.512767 0.07744 
-0.459178 0.586095 0.513651 0.945882 
-0.547717 0.509938 0.530478 -0.249688 
-0.513041 -0.692712 -0.426791 0.910563 
-0.165648 -0.047922 0.563866 0.903523 
-0.484933 -0.275204 0.634762 0.4496 
0.436852 0.177111 0.715493 -0.705956 
0.994522 0.935491 0.802939 0.998629 
-0.036964 0.731373 0.200486 -0.415217 
-0.559926 -0.678711 0.889904 0.632709 
-0.046358 0.85264 0.333896 -0.20768 
-0.482073 -0.21477 0.356476 -0.697283 
1
1 4
17.730187 4.255634 17.449336 14.991701 
15
4
10
0
0
0
-1000000
0
1
19 4
0.529267 -0.599469 0.717891 -0.40485 
-0.319213 0.981602 -0.207734 0.610959 
0.397112 0.278108 0.173528 0.496997 
-0.961568 0.919114 -0.443768 -0.414019 
-0.420408 0.196139 0.509456 0.430687 
0.558001 0.337227 -0.225645 -0.42041 
0.166101 -0.332574 0.41746 0.258795 
-0.42343 -0.591002 -0.977647 0.683318 
0.527819 -0.933874 0.377822 0.056533 
0.163999 0.334592 -0.502437 -0.461522 
-0.80521 0.832183 0.507266 -0.376508 
0.023422 -0.336107 -0.953877 0.179523 
-0.756342 0.154617 0.66224 0.282445 
-0.941638 -0.123379 0.368175 -0.072418 
0.860028 0.493437 -0.799827 -0.704598 
-0.190202 -0.735269 0.326095 0.690209 
0.358194 0.172173 -0.275216 0.430102 
0.73644 -0.642323 0.476161 0.852234 
-0.488678 0.777808 0.623145 -0.798073 
1
1 4
17.904304 4.645233 10.43582 14.838518 
15
4
11
0
0
0
-1000000
0
1
19 4
-0.475907 -0.581682 -0.338767 0.333511 
-0.674859 -0.365625 0.928129 -0.924335 
0.685891 -0.221284 0.870892 -0.90771 
0.115182 -0.12082 -0.638165 0.348327 
0.338765 -0.360449 -0.078207 -0.427893 
0.398116 -0.860495 -0.34341 0.293715 
0.476751 0.769481 0.671869 0.10667 
0.807013 -0.531048 0.664029 0.345501 
0.850141 0.331713 -0.895273 -0.856174 
0.272429 0.71956 -0.348427 -0.027085 
0.765715 -0.613107 -0.495865 -0.012105 
0.546902 -0.215288 -0.348167 0.343988 
-0.590379 -0.507029 0.354714 -0.313407 
0.566221 0.485135 -0.330608 -0.537573 
-0.999839 -0.295738 -0.484987 0.818188 
-0.702616 -0.870922 0.40557 0.420329 
0.483348 -0.354298 -0.694279 -0.76016 
-0.022126 0.117972 0.770494 -0.294319 
-0.632796 0.588978 0.969677 -0.623363 
1
1 4
2.254135 8.2554 19.514049 3.634916 
15
4
12
0
0
0
-1000000
0
1
19 4
0.582896 0.738011 -0.245623 -0.187366 
0.926881 0.089771 0.788479 -0.022799 
0.813048 0.907806 -0.491649 0.845744 
0.428623 -0.13036 -0.971968 0.129898 
-0.798426 0.840219 -0.434503 -0.706399 
-0.451626 -0.483828 0.298507 -0.992585 
-0.376449 -0.979764 -0.894182 -0.52641 
0.612225 -0.324382 0.110343 0.546829 
0.565973 0.324386 -0.027994 -0.506222 
-0.086773 -0.407698 -0.195133 0.394781 
-0.909774 -0.57775 -0.248084 0.443869 
0.118633 -0.123182 -0.334543 -0.676122 
0.40469 -0.371382 0.168362 -0.323561 
-0.105212 -0.314593 0.61906 0.546041 
-0.68255 0.367391 0.748961 -0.201443 
0.337131 0.167929 0.396271 0.128878 
0.058646 -0.320156 -0.865871 -0.707265 
0.994942 0.000683 -0.511116 -0.341601 
0.700427 0.092809 -0.145728 0.735713 
1
1 4
2.256935 17.314216 5.029637 11.118897 
15
4
13
0
0
0
-1000000
0
1
19 4
0.928194 0.17112 0.030097 -0.144336 
0.129857 0.52251 -0.167506 0.71411 
0.056254 -0.533747 -0.696589 0.425336 
0.631391 -0.208397 -0.543573 0.164561 
-0.207349 -0.926995 -0.008124 -0.541882 
0.579854 -0.381484 0.383562 0.529651 
-0.139803 0.325166 -0.928859 0.657472 
0.141879 0.573803 -0.080066 0.326204 
0.511186 -0.481562 0.373699 0.768278 
0.448765 0.408241 -0.677379 -0.712434 
0.105573 0.376805 0.973181 0.269267 
-0.429062 0.741501 0.409257 0.396627 
0.126178 0.676474 -0.49539 -0.021679 
-0.369839 0.10567 0.007821 -0.551769 
0.418412 0.25843 -0.566222 -0.496311 
0.494647 -0.466826 0.04745 -0.495876 
-0.18873 0.002099 -0.716199 0.835654 
0.852974 -0.061296 -0.209928 -0.264215 
-0.674694 0.416945 -0.389749 -0.519293 
1
1 4
12.746705 17.879319 2.729772 3.28997 
15
4
14
0
0
0
-1000000
0
1
19 4
0.318888 -0.435282 0.204671 -0.090046 
0.596858 -0.603223 -0.379174 -0.785092 
0.945454 0.24922 0.654318 -0.872646 
-0.567805 0.897868 0.468476 -0.315681 
0.337475 -0.047131 -0.132244 -0.641167 
-0.10984 -0.08895 -0.993705 0.791255 
0.639063 0.732021 -0.910153 -0.946004 
0.506005 0.438042 0.175488 -0.562127 
0.327214 -0.503979 -0.384507 -0.42244 
0.036479 -0.895998 0.948166 -0.169002 
-0.430699 -0.758701 0.507733 -0.517237 
0.796427 -0.449137 -0.656799 -0.829598 
0.934405 0.546398 -0.673621 0.450372 
-0.596763 0.196844 0.366671 0.652008 
0.311708 0.881195 0.25312 0.191489 
0.359183 0.794881 -0.431619 -0.224295 
0.263037 0.872837 -0.225465 0.606218 
0.722607 0.868835 0.513778 -0.929617 
-0.088975 0.597069 0.943389 -0.452023 
1
1 4
18.422275 8.1871 11.602579 16.552574 
15
4
15
0
0
0
-1000000
0
1
19 4
-0.040273 -0.874979 0.215729 -0.229413 
0.252757 0.099474 -0.128956 0.634505 
0.140292 -0.110828 -0.691763 -0.468245 
0.194383 -0.998898 -0.48882 0.385725 
0.887426 0.968829 -0.881521 0.274197 
0.431698 -0.447992 0.596569 0.547651 
0.385745 -0.77546 0.827516 0.062127 
0.169979 0.847682 0.999999 0.996368 
-0.033533 0.39913 0.186338 -0.203998 
-0.597062 -0.828701 0.006771 -0.193532 
-0.697503 -0.944963 -0.009196 -0.56792 
0.95854 0.193801 -0.780889 -0.413314 
-0.571958 -0.904861 -0.014798 -0.713492 
0.337461 -0.285162 -0.722533 0.378562 
0.505047 0.32829 -0.418398 -0.023701 
-0.352435 0.611134 -0.65989 -0.778189 
0.976465 -0.541994 0.699319 -0.544295 
0.025534 -0.841346 -0.517143 0.373957 
-0.903332 -0.314425 -0.557107 0.695381 
1
1 4
3.600627 9.754162 15.210977 14.894466 
15
4
16
0
0
0
-1000000
0
1
19 4
0.505107 -0.653576 -0.667538 0.672662 
-0.556773 0.301049 -0.25934 -0.744065 
0.487483 -0.872559 0.898152 -0.759034 
0.901376 -0.559471 0.968715 -0.801939 
-0.205181 -0.491051 0.899936 -0.762611 
0.780429 0.671908 0.758043 0.434044 
0.988706 -0.80279 -0.502862 0.385301 
-0.238968 -0.342617 -0.374909 0.892772 
0.830465 -0.362613 -0.443259 0.13333 
0.891854 -0.608174 0.408832 -0.748455 
0.702492 0.797576 0.86667 0.128924 
0.841002 0.723297 0.464556 -0.205477 
0.539063 0.036785 0.256898 -0.309044 
-0.113658 -0.26654 0.255945 -0.326069 
-0.247832 0.683742 -0.336942 -0.984726 
-0.294775 -0.287392 -0.20779 -0.326905 
-0.302191 -0.930071 0.293619 0.867869 
0.283297 -0.625425 0.48175 0.780483 
-0.4089 -0.391814 0.767925 0.529401 
1
1 4
7.115234 8.748704 7.473172 1.610833 
15
4
17
0
0
0
-1000000
0
1
19 4
-0.338344 -0.563667 0.444769 -0.755467 
0.855356 -0.018022 -0.904556 -0.879839 
0.544686 0.545406 0.652894 -0.810395 
-0.309695 0.948191 0.257675 0.746434 
-0.667745 -0.804373 0.887012 0.013347 
0.329249 -0.310165 -0.948145 0.521705 
0.312659 0.868151 -0.980888 0.205558 
0.818263 0.561811 0.374129 0.001424 
-0.064356 0.358225 0.691844 -0.166084 
0.623496 -0.894799 -0.897758 -0.633865 
0.614751 0.128521 0.059155 0.231435 
-0.260128 0.026505 -0.517309 -0.418616 
0.309253 -0.38307 -0.262579 0.820796 
-0.867278 -0.350288 0.703078 0.63623 
-0.87525 -0.330858 -0.739754 0.941724 
-0.438963 0.334279 0.236473 0.417305 
-0.348528 0.288601 0.518329 -0.434496 
-0.590756 -0.849268 0.340412 -0.687143 
-0.823885 0.964488 0.151485 0.010873 
1
1 4
17.694176 7.027332 13.371991 1.063245 
15
4
18
0
0
0
-1000000
0
1
19 4
0.890783 -0.59652 0.273506 0.822062 
0.397076 -0.338374 0.941956 -0.534231 
-0.83246 0.843823 0.141124 -0.118438 
-0.594156 0.018251 0.750042 -0.027956 
0.130374 -0.803086 0.529208 0.406597 
-0.318127 -0.769558 0.031332 0.607985 
0.41352 0.038789 -0.064199 0.99316 
0.04513 0.50016 0.198011 -0.017911 
0.967338 0.065253 0.714438 -0.433339 
0.855203 -0.590127 -0.272478 0.453442 
-0.986569 0.7239 0.592144 0.164664 
-0.483435 0.901599 -0.823804 0.322676 
-0.78076 -0.241512 0.901175 0.060836 
0.47951 -0.870644 -0.92625 0.501748 
0.878667 -0.22741 -0.085715 -0.61221 
0.586017 -0.802086 -0.660908 0.107936 
0.084359 -0.166406 -0.792257 0.534258 
-0.713453 0.978644 0.079669 0.999092 
-0.250729 -0.00626 0.778589 -0.24117 
1
1 4
16.647379 7.506633 12.982611 11.747445 
15
4
19
0
0
0
-1000000
0
1
19 4
0.927508 0.643411 -0.187267 0.597231 
-0.326256 0.609974 -0.159743 -0.806539 
0.491108 0.05261 0.226806 -0.056664 
-0.364351 0.342422 -0.911476 0.811532 
-0.572519 -0.331582 -0.912936 0.276819 
0.509262 -0.832814 0.878799 -0.014864 
0.173144 0.034795 0.812912 0.626999 
-0.023096 -0.190881 -0.144722 -0.35529 
0.628196 0.105573 0.372595 0.205851 
-0.246396 0.817166 0.112727 0.609215 
-0.913375 0.89696 -0.784991 0.639831 
-0.345797 0.184152 -0.953685 -0.591974 
0.685871 -0.560291 -0.819938 -0.707846 
-0.773931 0.533523 0.925719 0.563731 
0.63469 -0.763564 0.764312 -0.203881 
-0.641456 -0.955427 0.131049 0.549531 
-0.016822 -0.737239 -0.782764 0.074342 
-0.531347 -0.353518 0.41722 0.233239 
0.062936 -0.233316 0.657796 -0.407382 
1
1 4
2.127254 3.76848 18.85794 15.400294 
15
4
20
0
0
0
-1000000
0
1
19 4
-0.604571 0.973019 -0.468741 -0.135017 
0.753163 0.412505 0.975222 0.568596 
0.399759 0.756601 0.206516 0.928672 
0.204873 -0.693448 -0.792314 -0.427022 
-0.97382 0.99934 -0.081434 -0.669609 
-0.131749 -0.308291 0.540875 0.498486 
0.057455 -0.341261 0.426011 -0.018291 
0.573461 0.164625 0.856786 0.002983 
0.136324 -0.800745 -0.124408 -0.938838 
0.945939 0.407475 0.433905 0.648841 
-0.918387 0.662749 0.83806 -0.725472 
0.991527 0.602091 -0.649358 0.225419 
0.632901 -0.826371 -0.818259 -0.479603 
-0.701203 0.87688 -0.274657 -0.171163 
-0.744551 0.322732 0.171489 0.224246 
0.911937 0.939687 -0.665179 0.331474 
-0.913706 -0.670421 0.230958 -0.273375 
-0.620942 -0.183387 -0.19839 -0.344253 
0.12315 -0.21014 0.172219 0.487306 
1
1 4
11.989614 4.448329 7.080287 10.386977 
15
4
21
0
0
0
-1000000
0
1
19 4
0.045758 -0.93172 0.567172 0.471965 
0.330778 -0.613189 0.120839 0.946916 
0.817414 0.291194 0.108154 -0.254276 
0.367793 -0.488006 0.073575 0.586621 
-0.65897 0.680205 0.206396 0.911034 
-0.236909 0.254489 -0.796324 0.179172 
-0.652055 0.89728 0.594556 0.716965 
0.039677 0.856131 -0.999843 -0.367741 
-0.632638 -0.750775 -0.283829 -0.329506 
-0.018943 -0.390139 0.927953 0.118767 
0.131077 -0.979273 -0.652749 -0.763211 
0.707077 -0.141362 0.125424 0.014645 
0.146364 -0.04735 0.183429 0.892761 
0.639893 0.692245 0.567144 0.002618 
0.009623 -0.264361 0.872427 0.895688 
-0.164989 -0.974439 0.591083 0.340265 
0.834824 0.892406 0.673742 -0.405185 
0.051561 0.585951 0.085802 0.082471 
0.102862 0.817913 0.674691 -0.454715 
1
1 4
6.589646 10.19608 13.520696 11.341146 
15
4
22
0
0
0
-1000000
0
1
19 4
0.120885 -0.278367 -0.520012 0.150828 
0.967412 -0.690979 0.69973 0.364463 
-0.46583 0.779242 0.721412 0.783851 
0.194235 0.508715 -0.012833 0.314819 
-0.833586 -0.085596 -0.623999 0.445717 
-0.826035 0.818605 0.296928 0.476054 
-0.952103 0.000416 0.993197 0.66983 
-0.153589 0.614829 -0.564381 0.448229 
-0.612493 -0.184295 0.54836 0.294317 
0.596826 0.863346 0.268261 0.667357 
0.269762 -0.100146 0.834096 0.660401 
-0.629177 -0.58656 -0.329925 0.94972 
-0.043611 -0.983191 -0.498154 -0.479289 
0.584382 -0.28867 0.313318 -0.052668 
0.805838 -0.277025 0.035317 -0.416028 
-0.184601 -0.604881 -0.236134 -0.705151 
0.518582 -0.188143 -0.133043 -0.069605 
0.14249 0.832859 -0.138158 -0.038092 
-0.219083 -0.138211 -0.918167 0.356639 
1
1 4
10.911424 9.307726 16.96753 11.286649 
15
4
23
0
0
0
-1000000
0
1
19 4
-0.292595 0.34338 -0.798031 -0.508744 
-0.465232 0.830929 -0.561914 -0.099061 
-0.92993 0.651344 -0.847301 -0.59097 
-0.438582 0.743089 -0.888798 -0.030087 
0.3196 -0.47263 0.503074 -0.821438 
0.075404 -0.684235 0.050883 -0.806941 
-0.261624 0.88132 0.353921 0.353809 
0.473398 0.415192 0.14685 0.114253 
0.261189 -0.186672 0.591567 0.481504 
0.65126 -0.272076 -0.782226 -0.876277 
0.403873 -0.098834 0.887959 -0.058692 
-0.436606 -0.049014 0.20624 0.289201 
0.604062 0.471554 -0.590518 -0.84536 
0.020524 0.950848 0.914405 0.42101 
-0.080462 -0.339827 0.515513 0.24131 
-0.289664 -0.398515 0.151402 0.626827 
-0.911324 -0.633142 0.778385 0.317324 
-0.727563 -0.15463 -0.878483 -0.671531 
-0.433413 -0.379765 -0.726945 0.2301 
1
1 4
3.823645 15.007138 8.981277 2.328896 
15
4
24
0
0
0
-1000000
0
1
19 4
0.027801 -0.73909 0.101391 0.082376 
0.496829 0.211484 0.417734 0.869012 
-0.51087 -0.208699 0.386363 -0.382277 
-0.935963 -0.738157 -0.214329 -0.244051 
0.230667 0.835362 -0.055474 -0.35281 
0.311361 -0.950153 0.762552 0.221974 
0.732388 -0.746042 -0.73176 -0.69739 
0.951146 -0.086187 -0.555301 -0.956697 
0.777943 0.8991 -0.820054 -0.659273 
-0.406027 -0.097512 -0.898174 0.380755 
-0.648828 -0.868171 0.635808 0.030286 
-0.96813 0.636571 0.852838 -0.349867 
-0.226861 -0.861321 -0.22897 -0.313083 
0.002902 0.788122 -0.026281 0.280368 
0.154836 0.330554 -0.377798 0.340137 
0.697255 0.765557 0.725723 -0.763816 
0.53261 -0.422855 -0.927956 -0.164458 
-0.048684 -0.244597 -0.94672 0.468079 
-0.990807 -0.505107 0.662358 0.252937 
1
1 4
2.106832 2.541108 5.406012 9.849706 
15
4
25
0
0
0
-1000000
0
1
19 4
-0.471874 -0.80127 -0.956873 -0.172722 
-0.951634 -0.116207 0.902589 -0.178807 
0.785894 0.528798 -0.479339 -0.262571 
0.954972 0.216561 -0.252644 -0.19906 
0.397748 0.96104 0.202041 -0.283048 
0.799306 -0.063955 -0.906103 -0.889243 
0.487199 0.355734 0.834872 -0.301555 
-0.249456 -0.613052 0.428647 0.283732 
0.692402 -0.792504 0.380053 -0.445249 
0.696044 0.424244 0.280543 -0.910995 
0.899631 0.102334 -0.056202 -0.603301 
0.316185 0.128699 -0.950545 0.189529 
-0.578623 -0.931088 -0.811238 -0.492704 
-0.883783 0.24795 -0.691837 0.282477 
-0.393511 0.257151 -0.057479 -0.051779 
-0.253732 -0.480989 0.016913 0.264711 
-0.987123 -0.583609 -0.722405 0.535244 
-0.152825 -0.535493 -0.036144 0.512843 
-0.645296 0.507846 -0.625321 0.215181 
1
1 4
15.81077 6.619165 12.317391 3.396577 
15
4
26
0
0
0
-1000000
0
1
19 4
0.923744 -0.632424 0.846333 0.325129 
0.455048 0.002789 0.890916 -0.364581 
0.483004 -0.140943 -0.841001 -0.712074 
0.160632 -0.25649 -0.834774 -0.048567 
-0.269425 -0.228975 -0.394337 0.377586 
0.093667 0.268048 -0.90909 0.920563 
-0.086651 -0.351289 -0.115147 0.715609 
-0.75301 0.144948 0.153959 -0.395041 
0.538449 -0.275363 -0.037363 0.028746 
-0.865883 -0.90283 0.128692 0.934892 
0.739386 0.870669 -0.65172 0.541939 
0.382726 0.477124 -0.973774 -0.232626 
0.247867 -0.096921 -0.959702 0.271784 
-0.118333 -0.825146 -0.232419 -0.26777 
-0.421337 0.57458 0.979717 0.1179 
-0.443719 0.407076 -0.264903 -0.227088 
-0.670603 -0.827367 0.442076 -0.023907 
0.18726 -0.717288 0.536586 0.404383 
0.466719 0.157117 0.674973 0.282976 
1
1 4
10.390145 7.173092 12.165614 17.489237 
15
4
27
0
0
0
-1000000
0
1
19 4
-0.93567 0.180058 0.236343 0.230101 
-0.688029 0.291628 -0.599438 -0.763267 
-0.238723 -0.219983 0.733448 -0.936497 
0.291257 -0.827099 0.935648 -0.550542 
-0.972158 0.925156 -0.891915 -0.427113 
-0.490523 -0.234774 0.140756 -0.313275 
0.774243 0.715153 -0.423478 0.589545 
0.489783 -0.216336 0.024406 0.205299 
0.475176 0.297037 0.312684 -0.716284 
-0.587413 -0.663043 0.222968 -0.563415 
0.669005 -0.023544 0.294379 -0.361217 
-0.984766 -0.972773 0.59402 -0.296851 
0.812165 0.072031 0.635617 0.818517 
0.817447 0.835659 0.928999 -0.303222 
-0.259828 -0.936834 0.62625 -0.613518 
0.601652 -0.027433 0.921781 0.383561 
0.521262 0.851687 0.31626 -0.6018 
-0.469005 -0.582367 0.141975 0.176957 
0.120456 0.520402 0.40421 -0.440651 
1
1 4
10.247556 4.680902 1.925007 5.598128 
15
4
28
0
0
0
-1000000
0
1
19 4
-0.184574 -0.146881 -0.644771 -0.681696 
0.724302 -0.64941 -0.64146 0.981335 
-0.694278 -0.741471 0.090111 0.503482 
0.027009 -0.046156 0.24174 0.931522 
0.098621 -0.463546 -0.82135 -0.433312 
-0.684856 -0.377393 -0.858903 0.404395 
0.678438 0.517362 -0.68985 -0.313654 
0.407742 0.933707 0.826285 -0.61597 
-0.6093 -0.50772 0.734544 -0.518201 
0.586513 -0.463637 -0.355287 0.686362 
-0.305585 0.031349 0.893632 -0.720287 
0.121839 -0.251684 -0.068208 -0.382487 
-0.465436 -0.597552 0.942309 -0.611345 
-0.875922 0.373186 0.139862 0.668093 
0.652628 0.725177 0.063662 -0.018169 
0.628321 0.200128 -0.432239 -0.652979 
-0.628889 0.24738 -0.278153 -0.934236 
0.29307 -0.364538 -0.794637 0.533826 
0.019026 -0.222198 -0.488889 -0.76151 
1
1 4
3.747525 8.667167 5.087286 11.031371 
15
4
29
0
0
0
-1000000
0
0
